	acinar	ductal	delta	activated_stellate	alpha	beta	epsilon	gamma	endothelial	quiescent_stellate	macrophage	schwann	mast	t_cell
Sub1	0.0149652798938895	0.000964485261183	6.48566828578574e-07	0.109558005200927	0.52156869226727	0.309251113111682	0.0027473323548871	0.0007454692091441	0.0366996294673953	1.23423822064427e-05	0.0029107716728064	1.78715844397926e-05	0.0005519610503819	6.39797695933116e-06
Sub2	3.43414071051156e-06	0.0090280278339749	1.07344283569009e-06	0.145405980192188	0.199444331846889	0.5877427795108	0.0104767225343645	1.74220643196512e-06	0.0425595305214662	4.28058088416956e-06	0.0049570941114796	4.10209503671412e-06	0.0003682411240081	2.65985893044373e-06
Sub3	0.10577903607779	0.0259641867071428	0.0300851309743293	0.0909884650926779	0.311836574373012	0.376389813701785	0.0008166747441155	1.52424714532307e-06	0.0351874244121793	0.0095352959763741	0.0082644057891347	0.0046946528410579	0.0003462064968077	0.0001106085664482
Sub4	0.0090367048013317	0.0250773475590197	0.0004990586882708	0.123950318058615	0.227672674361933	0.507107876459488	0.0233898900248175	0.0347157182264351	0.0430077909099172	1.9427500055047e-05	0.0042197106557932	1.81645984400786e-05	0.0012828672366007	2.45091928186356e-06
Sub5	0.0844404641360481	1.9834475468069e-06	5.19151100885376e-07	0.027507520422128	0.606361572463483	0.234817236448158	0.0077037151452375	3.34552454836686e-06	0.0259355308580915	0.0107280825735079	0.0006090089374818	4.38928000905025e-05	0.0018374443580098	9.68373456732049e-06
Sub6	4.69601056633525e-06	0.0123996322331074	1.30442136851902e-06	0.124207803685461	0.0678594876161514	0.525956900737542	0.001652029035182	1.27644227248056e-06	0.144509917127182	0.0861267112911716	0.0018489293719185	0.0310565935271482	0.0043466488347324	2.80696661950477e-05
Sub7	0.0396155155289458	0.0212218859604023	2.21791166059797e-06	0.0569644510509592	0.190776935775344	0.553788700429365	0.0400568191821834	9.70982567238064e-07	0.0682412681437266	0.0229593636944435	0.0028040233771884	0.0019525632995643	0.0016134011159942	1.88354765530457e-06
Sub8	0.0602591479587229	0.12478717851926	0.0168459867503183	0.119558296285955	0.134822517401963	0.437506546917338	0.0003872346019319	0.0049041227537079	0.0810655408266993	0.0108801070328947	0.0055642184076213	0.0020232433844577	0.001309935351656	8.5923807473725e-05
Sub9	0.0231890799845881	2.66850759438554e-06	2.55865940176265e-06	0.0909076371470274	0.514161468426627	0.282561814564857	0.0078650669137446	3.44672955695103e-06	0.0488580892714926	0.0243012529312624	0.0031364003454147	0.0025464517541115	0.0024593542042597	4.7105600617299e-06
Sub10	0.0050777550439586	3.26097801560698e-05	7.73723898198356e-07	0.0666691182896272	0.517420405077975	0.307160284800894	0.0233046175738041	7.36200667723567e-07	0.0714891381878338	0.005260961456491	0.0020126619466322	5.78444165918296e-06	0.0015588273636395	6.32611276345542e-06
Sub11	0.276005405244054	6.67147341806863e-07	3.98464084448111e-07	0.122761516995354	0.436681220320779	0.0827846271057229	6.65805893569815e-07	5.88648148404273e-07	0.0540693841423218	0.0087519915062748	0.0014499955563716	0.0105732520834253	0.0063276473779018	0.0005926396023252
Sub12	0.0618941771160368	1.20618037699749e-06	7.83253644828686e-07	0.174856736089606	0.37788799482544	0.292633226081496	3.69227682404082e-06	0.0033763579860315	0.0788819320636429	0.0027399653336478	0.005189711574806	3.702518588159e-05	0.0023447006885559	0.0001524913440091
Sub13	0.0320328072313538	0.0371686870295034	0.0129703315711767	0.0859136518940491	0.310018572709624	0.373762956739892	0.0058156960159602	0.0140042870498913	0.0869936851428297	0.0224197286237778	0.005324857041245	0.0120518846807726	0.0014247110862628	9.81431836615203e-05
Sub14	0.052062687615254	1.60282034192067e-06	4.82950697635726e-07	0.0865790262387234	0.73840924103175	0.0976300238618799	2.3068902164089e-06	0.0011861795109895	0.0192496094997339	2.88276598610793e-06	0.0042149828402143	1.55823829645091e-06	0.0006522469028445	7.16883307156302e-06
Sub15	6.04271264871016e-06	0.0099249940577852	0.0065146968470056	0.0820308816831961	0.301866375780646	0.511557038090874	0.040174399323601	9.05633215378458e-07	0.0325594388178776	0.008248401293944	0.0064988689888662	2.27606193571602e-06	0.0006130672190663	2.61348933883805e-06
Sub16	0.0358434418227611	0.0653660899500684	0.0139794611281137	0.123672524035533	0.281004300081063	0.369098490085079	0.0004569100827617	0.0029405611522412	0.0745453204584174	0.0092001475346351	0.0038884970144044	0.0185526718691887	0.0014432379305439	8.34685518893047e-06
Sub17	0.0060458541076464	0.0477520873345978	0.0392923370779523	0.0767311075582884	0.147769303910426	0.481484796817765	0.0077226549298215	0.001312961169058	0.107416335650594	0.0465445799459815	0.0016296524018241	0.0357858006857614	0.0004796178430814	3.29105672014997e-05
Sub18	0.0380695728009878	0.0530377855746435	0.0134441188675093	0.1121497588132	0.255799357307049	0.371185741315692	3.1467855073474e-06	0.0016316676872785	0.109993181480848	0.0203253993286215	0.0037739346353118	0.0168931781047587	0.003642443663141	5.07136354512263e-05
Sub19	0.115627611827677	0.0217620982756559	0.0090409787029448	0.0802584635181158	0.310085318066071	0.360129065791142	0.0067861988689426	0.0050440458648554	0.0744027514684635	0.0086092282332794	0.0027802272590658	0.0035244375693974	0.0018956342561449	5.39402982438222e-05
Sub20	7.17703786694081e-07	0.0384649325852722	0.022599655884334	0.148647859177603	0.16412071829402	0.56159142725043	0.0054987795379602	9.82322417051119e-07	0.0486052116671171	1.26527311520682e-05	0.0095870465666521	3.95499809502731e-06	0.0008634892603349	2.5720208250635e-06
Sub21	5.64595336007755e-07	0.0933236042644414	0.0375984633671985	0.129523500099294	0.13231244674784	0.529475805758739	0.0279875095665919	6.87205165978272e-07	0.0394466282695408	0.0024512914994245	0.0078504441912786	3.12010678191061e-06	2.43160896011597e-05	1.61823876666519e-06
Sub22	0.0072267016898039	0.0075989164772729	5.67449303452232e-07	0.194241567586663	0.483897892095335	0.248279109340633	0.0081168276266474	0.0004934442121125	0.0393110596119004	3.07613525371092e-06	0.0103733996975793	1.44273132446e-06	0.0004066282379487	4.93671082233143e-05
Sub23	0.0532003603591371	0.0355195079952895	0.0228654527731004	0.0486177044977334	0.447747210228256	0.351767151908324	0.0015135725709578	0.0069544650085677	0.0194412177197304	4.17188882849615e-06	0.0121919394229182	1.13789538694611e-06	0.0001747113904336	1.39634133640941e-06
Sub24	0.046111905374389	0.0261313157247372	0.0291106881120351	0.103547628383183	0.394618302754839	0.302622896391766	0.0008829296037033	0.002703113333048	0.0687656485119448	0.016531929144064	0.0038611961137979	0.0038929936122118	0.0011966914911532	2.27614491277355e-05
Sub25	0.0353172690183356	0.0054452560914968	0.0015427135682	0.0727964697130487	0.710839243388844	0.149418443192743	2.52846159709184e-06	0.0022147355134863	0.0171226715935821	4.34170159862181e-06	0.0052645250186708	1.7226609446544e-06	2.87626619483294e-05	1.3174155041846e-06
Sub26	0.121316200917889	0.000341314034759	1.01685072100811e-06	0.0615725608431084	0.481166350369446	0.278691036640106	0.0076338166763698	1.55114065727946e-06	0.0329688371924082	0.0108583496370963	0.0029334497177673	0.0011840505049343	0.0013155717601051	1.58937146314965e-05
Sub27	0.150325892803149	0.0270258332867066	0.0083955297893527	0.0647972546618227	0.312791731174736	0.340007652231493	0.0034795307777923	8.7098799102209e-07	0.069547397249976	0.0111128605382279	0.0025921608269664	0.0079079618276274	0.0019994069864731	1.59168576855859e-05
Sub28	0.0326544027157457	0.0048569366631474	1.00653388163859e-06	0.0597560933647401	0.427149052408669	0.417900155898469	0.0110509214005568	6.67274553470105e-07	0.0241717058138907	0.0137183811294843	0.0069581122622609	0.0001923105954083	0.0015680675151156	2.2186424076413e-05
Sub29	0.0205800577941722	0.0210020045281622	0.0173889372379804	0.0587672614277508	0.220976027804166	0.552526388814989	0.0155203660755569	0.0019041035968839	0.0501159926599507	0.0285201818298213	0.0039957995111803	0.0063147238264727	0.0022749961510975	0.0001131587418154
Sub30	0.0175556120277009	0.0371888154181709	0.0037801355783271	0.0764837147771984	0.179490816243244	0.622199040062933	0.0201448622352889	3.47821514245704e-06	0.0352046009997785	0.0037712315202582	0.0037385996926038	5.0412131954347e-06	0.0004298735692683	4.17844688992414e-06
Sub31	0.0251391602891458	6.42355602969398e-06	1.64341721519826e-06	0.0603237143541332	0.410337100494523	0.399452430632826	0.0116317695923773	1.55094284924306e-06	0.0732172058427967	0.0166031798972311	0.0008149873541409	6.80081149119044e-06	0.0024525038558276	1.15289594127279e-05
Sub32	0.119934606798454	1.60265706067477e-06	0.0017371044345143	0.195947160166472	0.299529978311144	0.273201798425807	2.13585209297592e-06	0.0006056665227842	0.0708340454016143	0.0285866562294732	0.0043119311635063	0.0028464717429867	0.0023678006720817	9.30416220083313e-05
Sub33	0.060520418191177	0.0678357754415674	0.011865653433437	0.0408277948003894	0.126157593351848	0.531966960287154	0.0054350466359599	0.0006787880303435	0.0732142803951641	0.0494530752914311	0.0006489853198077	0.0313600053671392	1.1015282835288e-05	2.4608171745646e-05
Sub34	0.165356862782756	0.0268127130739201	0.0276693731691446	0.0484318085721746	0.109852386593427	0.51927569059909	0.0049052783576303	3.10902382876696e-06	0.0677624885918102	0.0166877543296863	0.0032841938738286	0.0075779378598782	0.0017353362215978	0.0006450669512272
Sub35	0.221368118353866	0.0161489016069745	2.1330474943395e-06	0.10144939207944	0.32335982859927	0.248787975776294	2.23071993774799e-06	0.0059076653848182	0.0530172180556683	0.0142073386203091	0.0039347995490274	0.0071467638837521	0.0044185188688467	0.0002491154543015
Sub36	0.178520825991771	0.0028030078173476	0.0112718411359063	0.0414574724346982	0.545997190645585	0.19570559567379	0.0024609604003216	0.0016063400679341	0.0134011721408937	0.0017675842799241	0.0049039347880325	2.48563357241338e-06	0.0001000134750249	1.57551519741479e-06
Sub37	0.0136482483600911	0.0283853214854545	0.0308462291573345	0.0608172070743146	0.289959671685382	0.543567351826144	0.0005422774969812	3.31807484363532e-06	0.0239616992118317	0.0041636535572221	0.0036330480050062	4.53103646920622e-06	0.0004645030334483	2.93999547730276e-06
Sub38	0.0072960070085727	0.128483703956188	0.0401366101314822	0.0753029221253171	0.0500394967228263	0.61757164760247	0.0017545499517026	0.0168603270912432	0.0446393756608201	0.0132723881328768	0.0034862388998485	0.000907416360074	0.0002472921764677	2.024180110411e-06
Sub39	0.22732133058637	0.0524741361348443	0.0133851362556375	0.0108560020604719	0.197937212279519	0.368650497281029	0.0212329417531152	0.032177933850672	0.0430510028613897	0.016638597499151	0.0017063108623402	0.0136102145778077	0.0008576141921577	0.0001010698054949
Sub40	0.360337990966336	1.72443302842443e-06	5.52684515089898e-07	0.0884269009233615	0.370282734829819	0.115994403424694	1.69260248629191e-06	0.0025806023758896	0.0443211329404601	0.0037681163822297	0.0051138781980954	0.0019973197814359	0.0056732899817469	0.0014996604759016
Sub41	0.0478704611639453	3.4494686736442e-06	0.00299460747504	0.065827665385346	0.36895734379591	0.446153810501965	0.0124466505831417	1.32294322177183e-06	0.0368651989434162	0.0079654114425486	0.0066429538161859	0.0032761829050832	0.0009742243290372	2.07172464858285e-05
Sub42	0.0702874520657123	1.19259101736026e-06	0.0084989415584707	0.0809694643645545	0.433711989044063	0.313797693363669	0.0014389549755617	0.0015154298310478	0.0450710259740763	0.028959427564955	0.0074369176289717	0.0057163930999689	0.0022994527287504	0.0002956652091807
Sub43	0.0432554461162833	2.96067180360652e-06	0.0118111344331723	0.0670471319121051	0.295860451442097	0.51571438308064	0.0056954884359764	2.80988484159598e-06	0.0408399234126502	0.0134824273491385	0.0038232828825939	8.18635774001615e-05	0.0023538430985958	2.88537027022278e-05
Sub44	0.0520975320303714	0.0095231772197088	0.0153089474902793	0.104946073987014	0.418582754785353	0.327109255312237	0.0001190836941799	3.26035050048291e-06	0.0550593538642027	0.0053771521766489	0.0023231521580217	0.0009156911522285	0.00821058812178	0.0004239776574734
Sub45	0.023191031531633	0.0119959999573969	0.0328939261661618	0.0321013655911367	0.130358305170046	0.640251642910109	0.0001352396591672	0.0106493723431108	0.0709146845618278	0.0364556547523339	0.0016432104239892	0.005865440769085	0.0034643831582369	7.97430057658725e-05
Sub46	0.277949700415058	0.0035262603315349	0.0022004043275619	0.0312108967600041	0.247901494412536	0.329116225508038	0.0016942243867366	0.0022022591845362	0.0513463894603127	0.0376918891205254	0.0027126787937855	0.0087845664300225	0.0032719960508373	0.0003910148185105
Sub47	0.242442529995575	0.0158203710251369	0.0130625620794903	0.0514567350364622	0.227465854443021	0.320879172509473	0.000466867202293	0.0055126684860532	0.0831270538619956	0.0275712596039449	0.0020869108465043	0.0079551343126324	0.0021181534939718	3.47271034454434e-05
Sub48	0.0475648270758402	0.119333709777405	0.0178662340248643	0.0513595814926672	0.210529473344159	0.444825746585322	0.0002107388445022	0.0371862863360133	0.033227610215142	0.0130406788857478	0.0049744908862533	0.0194948154268797	0.0002704081644871	0.0001153989407178
Sub49	6.92021298212309e-07	0.0170444179783509	2.69289361787283e-06	0.0521534353773225	0.336722148943006	0.536715920914489	0.0371026337104754	1.37420780851247e-06	0.0185244240131971	8.05476808156883e-06	0.0012380703668544	6.29204752557475e-06	0.0004772874228024	2.55533517088897e-06
Sub50	0.0243064490538287	0.0051677415521829	0.0021204969380322	0.0788456160418248	0.317521255376697	0.481285953583584	0.0041647973601257	1.97126777994839e-06	0.0576956691542101	0.0208664254301246	0.0063260611225918	0.0007121228390148	0.0009664513770161	1.89889029864594e-05
Sub51	0.0466611170113626	0.0402790177114794	0.005891403723255	0.0593512029923489	0.354705390897092	0.406561414128938	0.0002216851696275	0.000504632617963	0.0413952105091765	0.0200151345670026	0.0046823627198862	0.0181801443761875	0.0015068686834828	4.44148921983245e-05
Sub52	0.161332629585995	0.0077273925761902	0.05659249389897	0.007853131142373	0.344156899042344	0.38899144661887	6.54136312697208e-06	0.001861642270395	0.0154388285625923	0.0053343302310314	0.0028421188769325	0.0075059209648184	0.000353890270956	2.73459540424238e-06
Sub53	0.181437001586186	0.0007482405536337	1.20041896185378e-06	0.120948527395045	0.475387162026268	0.159781328463561	2.09393877791526e-06	0.0039208778957248	0.0541334692497691	1.7764667067894e-05	0.0019687742376628	9.32909101446685e-05	0.0015556247146228	4.64394257449549e-06
Sub54	0.127193567861012	0.0405687986353874	0.0068101070126303	0.0743744334966368	0.311297768045261	0.348652782629572	3.7315231700969e-05	0.0015286017842528	0.0608755292329978	0.0169144085033271	0.0034264458624302	0.0076790794577792	0.0006066692646712	3.44929823410162e-05
Sub55	0.182100845367863	0.0228323147981479	0.0052072592004978	0.0357844540400081	0.476780294292545	0.21370174679557	0.0008063832247731	0.0139675137198999	0.0249774917071832	0.0108422506099414	0.00732740167167	0.0053644018943283	0.0002990808329018	8.56184467054116e-06
Sub56	0.0594292845832586	6.8528558203313e-07	4.6665457138988e-07	0.0922450419165891	0.689520601057622	0.112093180384035	9.84028174472721e-07	0.0010841436972179	0.0328021304431687	0.003644618435439	0.0051011877919707	9.34843219891124e-06	0.003918513477286	0.0001498138128859
Sub57	0.0170585223788222	0.0192885435160004	4.21101139168952e-06	0.121196848264519	0.380600837463126	0.402453211852913	0.004915773611629	1.47454216490402e-06	0.0370939933378191	0.0074335434553804	0.0086654809181716	1.12281278264392e-05	0.0012327017352158	4.36297850209269e-05
Sub58	0.0390951615512934	0.0464892559914833	0.0130022508614791	0.0245499977327498	0.308597248925627	0.479795245034122	0.0127029286443158	0.002639408754792	0.0465366697292127	0.0121398549636056	0.0013792970308539	0.0125039517649518	0.0005623436003658	6.38541514722624e-06
Sub59	0.106409933144674	0.0310206723589965	0.0070850037628292	0.06662088487931	0.454191494434841	0.270726084345436	0.0046021942828171	0.0065306754560201	0.0436179943629759	0.0030089716168775	0.0056606164463851	9.31910266791122e-06	0.0005087125910361	7.44321513378105e-06
Sub60	0.0888790295622815	0.0028900245950128	0.006940750988919	0.0431605613446636	0.680864004356854	0.146606946303734	0.002256371169019	0.000107207321876	0.0209356371207593	1.82086112418983e-05	0.0072050284508451	1.64272095928702e-05	0.0001144183401411	5.3846250598731e-06
Sub61	0.466304462289724	0.0101953691840285	0.0066843050412787	0.0236638604130884	0.246353060405863	0.185837329436528	9.40424561027912e-06	0.0043559574496424	0.0373360646454468	0.008470458503862	0.0032376322480397	0.0040307312036289	0.0025884159081869	0.0009329490250724
Sub62	5.69128048306617e-07	0.0223267053871272	0.0019135337939103	0.112252235497223	0.142611163924696	0.630344442335916	0.0318661365513117	0.0023917469554753	0.0378292912698596	0.0056138556468361	0.0127808106675826	3.24236967161382e-06	6.42385346463494e-05	2.02793769571432e-06
Sub63	0.028656979764177	0.0030396659566003	0.00018211265293	0.0802412923140604	0.119384673011079	0.616432993195151	0.0278177459602491	8.40114561361224e-07	0.0715711300411501	0.0454094331150304	0.0023593039633811	0.0031550334361793	0.0017449958528378	3.80062261333393e-06
Sub64	0.0692727636230433	0.000145814659855	1.43397459190635e-06	0.0535367645890888	0.187642671271713	0.49501875935373	0.0055786893798301	6.65022697068315e-06	0.105293355403084	0.0558998415686982	0.0002859468339401	0.0221830710663952	0.0050856828292287	4.85552198313445e-05
Sub65	0.0547414855890561	1.50823482669162e-06	0.0002687788930724	0.107694743128073	0.345943548756469	0.282830705991547	3.16798557334244e-06	0.0812239332598356	0.073167989640274	0.0191568567804336	0.0107502185128766	0.0198319560497635	0.0036996955336937	0.0006854116445063
Sub66	0.043392339733329	0.0382531717734141	0.0087410147243918	0.045183973497826	0.400776277584149	0.287039073848829	0.0057054725284419	0.0136008762039137	0.0941519861571558	0.0162470948678997	0.0010939637069828	0.0380827902057388	0.007057888325019	0.0006740768429087
Sub67	0.133972828909786	1.15660729790417e-05	6.82746758739746e-07	0.0667770214329612	0.354655243437625	0.340006952326635	0.021411920009011	0.0009218913914178	0.0646265794625957	0.0101860003124189	0.0031424047746179	0.0027304137528513	0.0015243483903992	3.21469799423529e-05
Sub68	0.0524193829420359	0.0445262668122981	0.0212918369641475	0.144969332172551	0.15544617034003	0.434029881615095	0.0021869657933043	0.0049181906488632	0.105705017562393	0.0252787055707161	0.0037149679989666	0.0038994587355106	0.0016014873267437	1.23355173447468e-05
Sub69	0.0361027522291654	0.0334194597252728	0.035949029595387	0.0422112412808922	0.194558074006157	0.553379213275474	0.0123430959443781	3.54012073294775e-06	0.0689588701850277	0.0184258051531262	0.0006160657430987	0.002954904078827	0.0010741445049519	3.80415750915429e-06
Sub70	0.0022240291353567	2.09658981513954e-06	9.93988009151616e-07	0.179385441652909	0.434727385085147	0.316042121081247	0.0070814835927514	0.0006744671799729	0.0526622373546266	1.18478165166344e-05	0.0059032162527668	2.31145461960529e-06	0.0012800869670683	2.28184919312509e-06
Sub71	8.75236979592348e-07	3.03394033530965e-06	3.47997554381766e-06	0.0213180914777914	0.554366661531659	0.389585784101731	0.0250304139672182	1.59966917152913e-06	0.0070594688057454	3.68914254126618e-06	0.0026180929180399	1.73838572915451e-06	5.33936730005073e-06	1.73148021334244e-06
Sub72	1.0568272858413e-06	0.0464943899747128	0.0013667655882046	0.155423549384371	0.10843760926834	0.550122906391827	0.0104279954392967	0.001995266273179	0.0896606580788269	0.0250587047215627	0.0055462915782995	0.0039041205774223	0.0015584991889399	2.1867077317985e-06
Sub73	0.0164549371956589	1.54795105839677e-06	0.0027255017200508	0.0770027213191807	0.381998411827923	0.479340523541316	0.0024913964793605	0.0014433341589406	0.0360546848855726	1.13769240441366e-05	0.0016784833877619	1.10393636254352e-05	0.0007832533506553	2.78789485076331e-06
Sub74	0.0373603440125028	6.23591493881612e-07	5.33225211443251e-07	0.0540110894443686	0.724420074163621	0.159547435275207	1.38306978909032e-06	0.001421937363267	0.0218901673463221	4.97374582815813e-06	0.0011805273238315	1.8843462745995e-06	0.0001504411516042	8.58594067919719e-06
Sub75	8.94998872751827e-07	4.50429544427644e-06	1.15195436026446e-06	0.175360373576841	0.444618664444305	0.30596591250025	0.0092120310610579	0.0022642424229524	0.0566127713314286	7.95128340693789e-05	0.0047103353829716	1.52256754286957e-05	0.0011508997666611	3.47975535736383e-06
Sub76	0.0237289241708461	0.0574199399885224	0.0461285094928855	0.0769758227620199	0.11766763526741	0.596217711341488	1.44929357100163e-05	0.0039974153341119	0.0676066954872208	0.0056622625804266	0.0009073987102322	0.0025981916508218	0.0010725126045267	2.48767377720049e-06
Sub77	0.0350187971368848	1.55169548009418e-05	1.83922481294797e-05	0.0969439893783521	0.439501576491808	0.307316434194285	0.0006015832222918	0.0002108014383334	0.0845835011615649	0.0183284612469184	0.002760761647299	0.0122379974951256	0.0023976087841622	6.45786000443294e-05
Sub78	7.61602978816567e-06	0.0320765169534499	0.0155835762532934	0.285556804100463	0.109986048054925	0.469754780512403	0.0010728919764308	0.0011469180268273	0.0665369243023114	0.0080159687410472	0.0090126958671955	7.48832782489804e-06	0.0012400556050412	1.71524899810076e-06
Sub79	0.0282041934209615	1.22612196846721e-06	2.47605113030858e-06	0.175627649209565	0.447854528397434	0.308213930574482	0.0001976989757462	1.02420808542806e-06	0.0342433475791047	2.46003042101363e-06	0.0042024276842608	3.75705348868968e-06	0.0013944020699002	5.08786234519552e-05
Sub80	0.0053145168892027	9.25972731828358e-07	5.24848260930162e-07	0.135809261330796	0.675356624965122	0.148899394545855	0.002105268646004	6.61737100839472e-07	0.0281886157761126	2.16783725483654e-06	0.0022054218901058	1.57525341209423e-06	0.0018598976535543	0.0002551426544859
Sub81	5.08660727745042e-07	0.0221870707537277	0.0005209918736359	0.144122322707303	0.228152611714896	0.526265912567849	0.0295912390153057	2.11559889070716e-06	0.0461987184388018	0.0005379580712889	0.0014360653564237	8.01918772525062e-06	0.0009745251703199	1.94088310487857e-06
Sub82	0.100349228324817	0.0308031923350274	0.0023712588322383	0.226953715105232	0.43106118244919	0.118004906636863	1.01421315891259e-06	0.0063671778405141	0.0801546410302158	1.23973735103748e-06	0.0019368411018194	2.46352091154858e-06	0.0011546939813136	0.0008384448913462
Sub83	0.0276350680759654	1.16744819286043e-06	5.41911211945361e-07	0.0673267580612777	0.694262099214544	0.189051663259445	1.01668428492951e-06	8.40579612135496e-07	0.0104996137456945	0.0005698752048064	0.0070045563999218	0.0019225756753067	0.001571677733041	0.0001525460066954
Sub84	0.0034953448077485	1.06606555767428e-05	7.91346216290012e-07	0.232283248758799	0.333313947612049	0.29954577708296	0.0087781236950995	4.52306247826673e-06	0.118007611224999	2.45668946638419e-06	0.0020616100401758	3.54962150141964e-06	0.0024801816682159	1.21737347141036e-05
Sub85	0.0064454045817855	2.09585468677661e-05	3.05767665477672e-06	0.10115507522877	0.389884462485952	0.43926780149865	0.0153346123657458	0.0003413157837951	0.0460236023228606	1.16696944877942e-05	0.0010959195049739	4.01990468299136e-06	0.0004084009072654	3.69949750818117e-06
Sub86	0.0164750024459493	8.1101874100292e-06	1.11485506225008e-05	0.161284602244239	0.344092990162459	0.422505912533632	0.013236153458758	1.37729141172937e-06	0.0381370060174828	8.51243893924186e-06	0.0012246736876328	0.0014978207420766	0.0015134877124845	3.20252690123633e-06
Sub87	0.0247039245229351	1.26876154533758e-06	0.0007192288066237	0.126056249085472	0.357825337966319	0.329908806200165	2.59982290417658e-06	0.0094346947095777	0.0929368847997521	0.0276970324058524	0.016325602983661	0.0121583922827556	0.0021466722654603	8.33053869767424e-05
Sub88	8.47317855932263e-07	0.0156035703840536	0.0239689884854008	0.0904016892603463	0.0442173465611589	0.720766943811779	0.0154039080564493	0.0285122867174668	0.050399917286138	0.0050961291059698	0.0020420316790361	0.0025656340747053	0.0010158649920716	4.84226756764219e-06
Sub89	0.0005373320215434	0.0254915756958025	0.0177497258810193	0.0776714175658392	0.086029839030555	0.677176869216306	0.0005121209473401	0.0043643650927741	0.0711702439898532	0.0234680775286764	0.0043357080256993	0.0102094767381656	0.0012487361221737	3.45121442520359e-05
