	delta	beta	gamma	alpha	acinar	ductal	unclassified endocrine	co-expression	MHC class II	PSC	endothelial	epsilon	mast	unclassified
Sub1	0.0019600595521401	0.271449235723743	0.0015234753029578	0.429717634257859	0.0762406514769117	0.0127622743747664	2.42304047927706e-06	4.21455433162982e-06	1.43359066236741e-06	0.142774260684566	0.0430002047702144	0.0084184328334417	0.0001818469071562	0.0119638529307711
Sub2	0.0031801026648413	0.55508536722997	0.0007303375206414	0.153940253959626	0.029681836704052	0.0161522747511133	0.0005804244987496	6.4543579041179e-06	1.10091111804576e-06	0.192156091078388	0.0323880987385079	0.0077844752577622	0.0002079233328149	0.0081052589945105
Sub3	0.0192591696028588	0.279627660587759	2.6911767926467e-06	0.213440885378544	0.192251664566186	9.35675989171522e-06	0.0196900240449402	0.0657579897064101	0.0241227616474524	0.128799616964031	0.0465445293538463	0.0019586472557728	0.0001715871979999	0.0083634157575153
Sub4	0.0104669473527827	0.462015813531397	0.0271010540394558	0.167169894380779	0.0495821147262952	0.0457797632150845	1.72999278890256e-06	8.21819331653429e-06	3.93204211849625e-06	0.173199260539914	0.0322763110155705	0.0275858777352438	0.000231292353598	0.004577790881655
Sub5	0.0011785431296781	0.205884401474748	0.0004285424718875	0.447224530934834	0.178333007455716	0.0071335236518559	7.34816350561777e-07	0.000442010943519	9.7873913882919e-07	0.0474927699983416	0.0391020980681505	0.0227464306498083	0.0001369336037358	0.0498954940622355
Sub6	0.0040074289759521	0.45098583914848	0.0006176264609319	0.0770796819848743	0.0117714685847088	0.0462859057320783	1.44149280087001e-06	5.98538659988589e-06	3.39918229525521e-06	0.210367331591097	0.143270767548371	0.0134371739918864	0.0008285179215368	0.0413374319983872
Sub7	0.0118254237457529	0.521155055008688	0.0002391638471442	0.139042962383254	0.09318184658041	0.0303943787956739	1.41964567364252e-06	0.0001410100545879	1.06637241159479e-05	0.0874092228614884	0.0709218840168001	0.0251015619315343	0.0001529948775047	0.0204224125273718
Sub8	0.0182703478392436	0.36255630427284	0.005221032038567	0.103652743393603	0.117700408106908	0.134260771525177	0.02250766884147	4.10092298981936e-05	0.0023950154875778	0.164409742359436	0.065401282652849	0.0020566438518984	0.0003229417094128	0.0012040886911184
Sub9	0.0071994747288892	0.253154185872022	0.0007686261528071	0.388439572503756	0.087081281214376	0.0101477289438064	9.87346035034576e-07	2.3467327439328e-05	0.0069500912395518	0.133766161255994	0.0615992386482877	0.0121263608828602	0.0001870048391791	0.0385558190449957
Sub10	0.0028826709770854	0.276301568019253	6.17094604649206e-07	0.428387139200064	0.0465976810687471	0.01178786492242	1.25487954346195e-06	1.56257776747488e-05	9.21345330132222e-07	0.0993094664091914	0.0717199595961767	0.0244192599716935	0.0002164816751962	0.0383594890630199
Sub11	0.0016068551355916	0.061225496431001	7.93975388869158e-07	0.267155076174576	0.425011086231151	0.0032443283818429	0.0041458105270702	4.59006018489365e-05	7.54983206597288e-07	0.14555630772605	0.0769330444802498	9.01805027782079e-05	0.0007530625248275	0.0142313023244166
Sub12	0.0024565763701755	0.250064599214407	0.0038312144852108	0.278525721948809	0.126616325361501	0.0045878660427807	6.01037089984505e-06	0.0014254191293893	0.0048442897737484	0.224828479384602	0.0803066097940891	0.0086002255769415	0.0003262917624061	0.0135803707850388
Sub13	0.0122098495344884	0.312215310550914	0.0117660943370107	0.248344305860442	0.0828293117548595	0.0455500366599178	2.14246600099258e-06	0.0318914614457528	0.0015721452678463	0.141572724602132	0.0842492579774598	0.009011289780779	0.0002022598454797	0.0185838099169168
Sub14	0.0011413837288018	0.0866771553396987	0.001565919762121	0.467736939336214	0.256075601401656	0.0051724092539191	1.9940784257899e-06	6.19042011634047e-06	2.08874531156148e-06	0.141937698892652	0.0277607462275296	0.0050944738890629	0.0005473550739832	0.0062800438505082
Sub15	0.018767144092126	0.492113063577678	1.12732745069713e-06	0.199393137505682	0.054851666648447	0.0257184250074592	1.30090384363324e-06	3.73558981894119e-05	1.05267011580833e-06	0.124937547199514	0.0326086761743094	0.0273300548717005	0.0002343029295191	0.0240051451939651
Sub16	0.0167978770856282	0.296102193367103	0.0034066995894115	0.225528489795548	0.0869309620826323	0.0814482115222839	0.0048393087763753	0.0039214211793442	0.0074479519412946	0.175043776871315	0.0689018181781811	0.0098960344762896	0.0001890248482776	0.0195462302863154
Sub17	0.0366683482487412	0.431633796383989	0.0024970633206873	0.143950479848359	0.028787339852598	0.0475010241770987	0.0344788659952758	0.0003115169432004	2.93207918400011e-06	0.145623872418134	0.0930711950181407	0.0120634941881547	0.0002073608833444	0.0232027106430932
Sub18	0.0166051139284524	0.316761050584752	0.0026843918970047	0.19599729178202	0.090914350045757	0.0739216347666626	0.0087989213069194	0.00114089740852	0.0092573324451171	0.181278168573151	0.0916591196332394	0.0039761242177987	0.0003765289270229	0.0066290744835824
Sub19	0.0138667317487632	0.316441107470665	0.0050628246426604	0.217153401580709	0.203584896139319	0.0379295155512419	3.27178733080945e-06	0.0002244563933022	4.78795569912221e-06	0.123628470751969	0.0656591695960203	0.00331194631391	0.0002451505926995	0.0128842694757102
Sub20	0.023265778955965	0.513434168633282	5.05502341076098e-05	0.132680102944584	0.0224035026720376	0.0514095801326459	2.6431018207796e-06	5.50172167095791e-06	2.02677309375576e-06	0.21171190774387	0.0308852958729272	0.0125950609363066	0.0006406270715274	0.0009132532061603
Sub21	0.038943391091733	0.502216390076745	9.610307447732e-07	0.0991301760928962	0.0183897976335068	0.109342812078356	7.27316441957343e-07	2.18486302962536e-05	1.53386140712574e-06	0.189886705535248	0.027216280874481	0.0117036728260685	0.0002938820025339	0.002851820949542
Sub22	0.0035488518676692	0.25238653579808	0.0014013204182459	0.235545628829435	0.123881336847233	0.0246951123584152	1.0346277162198e-06	5.74655068747909e-06	2.2007113252954e-05	0.278179245757042	0.0563888938335259	0.0147713232882666	0.0010599617349653	0.0081130009754655
Sub23	0.0261428420977842	0.339132783533705	0.0067811527443618	0.211662701593034	0.236070967449251	0.0575580859538011	0.0038057795438812	7.71508830269236e-05	0.0028233446925977	0.0858136690483833	0.0192650292575901	0.0107153933933532	0.0001448887901463	6.21101908463231e-06
Sub24	0.024779791014852	0.236384935843555	0.0030733397294862	0.296695310952619	0.112393685276863	0.0329697297817166	3.63017005484859e-06	0.0333921851882707	0.0079790923408922	0.161945629838058	0.0696856756844342	0.0068307329775471	0.0001980146082269	0.0136682465934238
Sub25	0.0088714033646569	0.136669031284447	0.0025665744974331	0.433221074626199	0.236133949794125	0.0203650723730916	0.0027053135360831	0.0001725977663085	0.0009656878034544	0.132395325148944	0.0193326393754961	0.0064591739373402	0.0001356369381382	6.5195542827062e-06
Sub26	2.60709249614287e-05	0.240789549524292	2.72528125520873e-05	0.290636055310714	0.236970875309686	0.006138883308825	1.67617938565023e-06	0.0174582832777838	1.85930303681208e-06	0.102233728813134	0.0409925536956568	0.0127721047516272	0.0003274720467207	0.051623634741625
Sub27	0.0122665794997884	0.28850851998852	9.14190520530888e-05	0.215938888171417	0.246654002986448	0.0434589636893675	0.0014870646008664	0.001665709597601	1.96395420862799e-06	0.11165357970882	0.062363168305135	0.0018791976444362	0.0003617453781671	0.0136691974231723
Sub28	0.0032722766564893	0.381193902110333	4.98197230060377e-07	0.278370318634802	0.113967671029419	0.0156781387417418	1.18450602943648e-06	0.0018744405625417	7.15190038021848e-07	0.105808984904893	0.0298974585194017	0.0226964959450612	0.000417319800116	0.0468205952019038
Sub29	0.009151266945767	0.468724865419802	0.0024116425602595	0.180907358359573	0.0527706748427534	0.0022719735709787	1.58440267701087e-06	0.0770115699781997	8.93055126904786e-07	0.0949870900823478	0.055367353025729	0.0160197781510403	0.000459543394241	0.0399144062115053
Sub30	0.0115409619773053	0.594643129786758	0.0007852369563933	0.118280451932626	0.0645243844818465	0.0461598596770396	0.003194284629601	1.35209221165906e-05	2.33659212812603e-06	0.120709133681365	0.0262126939680066	0.0085309372255481	0.0001724064540114	0.0052306617152539
Sub31	0.0044037513731438	0.366375857356662	0.0003065507769793	0.288011060912776	0.0868290367431617	0.0125529073109088	2.23138680102837e-06	8.09972084952888e-05	1.40637239142189e-06	0.100967985839335	0.0802244499098135	0.0156485049291613	0.0002096277966167	0.0443856320837549
Sub32	0.0073425826982043	0.220309270758045	0.0016774917260876	0.205764679868214	0.208521600030808	0.0037727610408777	0.0085349529193061	0.0009221777041455	1.11586280816674e-06	0.255045318330906	0.0806277149213905	0.0008129106298411	0.0009008212224137	0.0057666022869521
Sub33	0.0128545178457692	0.45715061006623	0.0018997681180548	0.110959527889007	0.112834057474705	0.0465482452611142	0.0523927832811415	0.0001753502699089	2.02496246122787e-06	0.0988612967998369	0.0622544666049749	0.008078484637477	2.52313486538059e-06	0.0359863436544534
Sub34	0.0202086116098414	0.437354178354311	0.0008955122021554	0.0614981871722416	0.237521303605307	0.0276984803667198	9.11605211272849e-06	0.0397494667673734	1.18314570078215e-06	0.0811115180648854	0.0601581508140249	0.0113524188002969	0.0003379648454895	0.0221039081995401
Sub35	0.0001301945815008	0.176797697541771	0.005418360855882	0.224135754278975	0.336793725280856	0.0216914236943161	0.0046574421262381	0.023495483870604	0.0054979398858599	0.127511979578488	0.0572606649341116	0.0042654984149107	0.0004870315128477	0.0118568034436383
Sub36	0.0079237725685672	0.153206269620388	0.001554204738056	0.289190852525261	0.392692673452046	3.46923888199658e-06	2.02420173958874e-06	0.0464661139526764	0.0036315380032124	0.0751559828126086	0.015922037119849	0.0028480007769111	5.79927636947102e-05	0.0113450682261081
Sub37	0.0146372919098931	0.455141045728078	0.0002756373878449	0.208331030363981	0.0754427502357808	3.88340208816689e-05	0.0042861042914262	0.0914959740364182	5.57654724368084e-06	0.0920833164860451	0.0254467972869524	0.0145986280470505	0.000201152487874	0.0180158611705308
Sub38	0.0265723173673336	0.547691951197264	0.0142721653722444	0.0524681683380318	0.0282484490936821	0.0901029627167272	0.0187658809229816	0.0569556797808116	0.0023828053217935	0.109160342637994	0.0415205191584985	0.0022157373647825	0.0001213250427608	0.0095216956850945
Sub39	0.0059606858779726	0.280396692560123	0.0252171841884612	0.122223671086867	0.335588768697113	0.0320830986788699	4.09732171405391e-06	0.0852262313143677	1.6079307029177e-06	0.0268470874254064	0.0475406020084051	0.0048860185131819	6.21395703600669e-05	0.0339621148264551
Sub40	1.24996714211038e-05	0.0727806118271471	0.002808698599008	0.217971042832541	0.500926888068616	0.0008446204525321	0.0041386878733171	0.0049930963252664	0.0022919038976785	0.11058346766821	0.0625297703049752	0.0042945298212335	0.000764102641789	0.0150600800162637
Sub41	0.006825437346773	0.384794292888505	0.0003959800024711	0.283240755987234	0.110980165635542	4.41844618349334e-05	3.71524004637041e-06	0.0235664212109721	0.0067748653533713	0.0906340581404773	0.057574367523742	0.0081983086462878	0.0002182304606797	0.0267492171020635
Sub42	0.0099760312121893	0.262024301872191	0.0021927869797527	0.321932727558858	0.141267783904117	4.14340291849281e-06	0.0003562104902018	0.0210598153581175	0.0145140237964925	0.1168416878078	0.073995654714	0.0051557501344846	0.0002669895839623	0.0304120931849135
Sub43	0.0127756171518662	0.45984128928072	0.0009456505918007	0.207579347399134	0.099121544550961	0.0011249969598868	2.12987581812243e-06	0.0173913864770704	9.75496448881668e-07	0.104374496292647	0.0454549882120134	0.0195220497727622	0.000395271926874	0.0314702560119976
Sub44	0.0192860182158142	0.273442312874673	0.0006941276616226	0.297853931997391	0.134604926436299	0.032915227919811	0.0015478042251631	0.0001385817124478	0.0004625506540863	0.159485326522034	0.0539364639713623	0.0129140780933662	0.0008124597995844	0.0119061899163449
Sub45	0.0155049825409155	0.535976713104972	0.0091592611582269	0.0917667886503986	0.0568349040320004	0.0003881816817401	2.50312659989712e-06	0.088098630832692	1.14915354874863e-06	0.077015221858353	0.0664069358686034	0.0253727999614799	0.0002886382115942	0.0331832898188754
Sub46	1.08906441132618e-06	0.23568780531823	0.0025022309787568	0.117080116381178	0.395869389046507	4.57131085525376e-06	4.64289617274694e-06	0.0549481052051364	5.24607165814895e-06	0.0607155386373241	0.0735527544399695	0.0100606814884471	0.0002644267024689	0.0493034024588849
Sub47	0.0074646042851074	0.242868253402705	0.0052577115818891	0.124267821267628	0.359018650204716	0.0160994871455339	1.12073805450845e-05	0.0492468289081621	0.0049245377432763	0.0995646559579585	0.0723438309187966	0.0019141363304287	0.0002083092737455	0.0168099655995068
Sub48	1.85936440546245e-06	0.322213385167262	0.030286641448699	0.153781267550206	0.0983005503030284	0.0278802947828769	0.0682884152330404	0.123366035564867	0.0128825933469071	0.0807271045767038	0.0523630150374545	0.0059816217851339	8.48127685303099e-05	0.0238424030708851
Sub49	0.0087118013321891	0.516941334349085	0.0002475752140497	0.272273972042574	0.0231330726064058	0.0290780765594218	2.37260014884708e-06	0.0018275370439157	1.16904712969172e-06	0.077623114190412	0.0250895376135477	0.022016183067091	0.0001645922576335	0.0228896620763959
Sub50	1.19332028939983e-05	0.401831676707717	0.0002828969613714	0.214008432622191	0.0793784289598141	0.0049370031124904	1.68723734600042e-06	0.0498189114339512	0.0060084407851084	0.133909544703191	0.0558336950104057	0.0184645026804584	0.0001238492041007	0.0353889973789596
Sub51	0.0039374430268694	0.322905148500767	0.0013275282653767	0.280619084407259	0.110001265413602	0.03762615105067	0.0080278256711535	0.0389698282574764	0.0125727692441715	0.0942589420096246	0.056895606249994	0.0107849839880578	0.0001431646485051	0.0219302592664729
Sub52	0.0422358007262414	0.305262248716506	0.0018527154149654	0.233258772196154	0.275521692321225	0.0010920176337537	3.54006248681191e-06	0.0614499990560202	0.018753177177105	0.0181544413242198	0.0183612188021478	0.0088567442597117	1.28815236383597e-05	0.0151847507858239
Sub53	0.0043810308327652	0.119245889233531	0.0040161428690943	0.303714742170713	0.33372786517147	0.0113250305334494	0.0065902048247644	0.0001256821750924	0.0004515673422043	0.164530736065322	0.0481441519868886	0.0022545887302314	0.0002064071217942	0.0012859609426789
Sub54	0.0050564974362347	0.271534275333691	0.0020264997813387	0.196247368282595	0.237122251693363	0.0326007197372728	0.0190631784396152	0.0304560812169246	0.0120894753464319	0.11820582361326	0.0603468757873034	0.0034322435514283	0.0001005736759206	0.011718136104621
Sub55	8.06457484127978e-06	0.136053935923273	0.0114783498055834	0.333383696604551	0.311524623784128	7.75548627203797e-06	0.0178418396774441	0.0601281005072362	0.017384554388964	0.060383965674019	0.0353184498116539	0.0040905953968959	9.4213143056931e-05	0.0123018552220818
Sub56	0.0004797400399431	0.0975091379395172	0.0015131067925846	0.499093811764884	0.172488943233466	1.71450586132405e-05	4.44144605933897e-05	0.0015559247026185	0.0018183019273882	0.127591468112327	0.062688808854664	0.0056672070427553	0.0006035243547234	0.0289284657159214
Sub57	0.0050027917916298	0.331434889075346	0.0004978929038604	0.282768171421929	0.0718704701957606	0.0332153839236844	1.06050457917466e-05	0.0061387666677618	0.0002418130512509	0.1680808016563	0.0455271751203085	0.0297656571432254	0.0006092677564932	0.024836314246658
Sub58	0.0064996524650689	0.405612289846532	0.0027534326251849	0.253666641247773	0.0922186763325475	0.0268468480368135	0.0017403066419733	0.0708258830164349	0.0142986765280132	0.0491803779599248	0.0462234877380108	0.0107706057096073	5.35648928239742e-05	0.0193095569592929
Sub59	0.0038769670099621	0.202625488638796	0.0059254167586113	0.326921355258368	0.216566198343539	0.0256534207614348	8.62905463613341e-05	0.0519414081371073	0.0050664791259773	0.106201285133691	0.0420819866384974	0.0053828665889851	9.29263677675007e-05	0.007577910690901
Sub60	0.0118200298325467	0.123628173999809	0.0005232053383044	0.47749422331862	0.251825944783514	0.0153968993433683	0.0007819159324169	0.0073635332652592	0.0008152753236352	0.0747695147375615	0.0253161312574887	0.0032023560090539	0.0001360732496809	0.0069267236087408
Sub61	0.0025597443431772	0.113280338713464	0.0037897137075822	0.107860114541327	0.624969184019408	1.36957746232754e-05	0.0082863065781525	0.0402869594723556	0.0033446067408721	0.0388607868924338	0.0415004620067114	0.0009977785254	0.0002029984900158	0.0140473101944771
Sub62	0.0128690004079933	0.590939776347141	0.0034649223969375	0.117940394526264	0.0189356926281786	0.0282935760327399	4.00057031667855e-06	1.23273284523597e-05	1.96312971900396e-06	0.163512869199958	0.0358961204237545	0.0214914486381065	0.000470963053043	0.0061669453173942
Sub63	0.0108660081536743	0.561808553226805	8.50968378633784e-07	0.0809879433446717	0.0556665841198594	0.0172755591770495	1.40272355173399e-06	1.46420503787518e-05	6.67880066549581e-07	0.134195035712514	0.0695001112943514	0.0192959604923412	0.0003227372782389	0.050063943578119
Sub64	0.0037338854495957	0.41046926708906	0.001649939951313	0.136911464613158	0.122322157575215	0.0198120944517671	3.30817009491108e-06	0.0002488593864101	1.17713692917387e-06	0.105747139263863	0.110779031361199	0.0300753823643395	9.26459058521726e-05	0.058153647281203
Sub65	0.004260250164942	0.241075039927337	0.0664177219900521	0.275392196618896	0.11390734194922	5.83589265633844e-06	0.0090013348147489	0.0116933229169725	0.0161837334435482	0.165120025262232	0.0781654625969107	0.0039586556024599	0.0004088356499719	0.0144102431700517
Sub66	0.0142894372111159	0.261342190379747	0.0110441987114561	0.300362871729254	0.103991310039134	0.0609969575577226	1.94029916849611e-06	1.51927063922554e-05	1.28167048128192e-06	0.0883325088471629	0.102003716963719	0.0047817165069244	0.0003602044864146	0.0524764728913067
Sub67	0.0031246075090441	0.301777248612954	0.0017105967905982	0.238834714142371	0.233120971242392	0.0124179475554439	1.40924198508909e-06	7.24491422619988e-05	2.52207263074319e-06	0.0995181622466397	0.0685941594887711	0.0149329333028597	0.0001651641236402	0.0257271145284086
Sub68	0.022501132151409	0.384278095665851	0.0053865915503951	0.120446687011257	0.101410444962298	0.0660933184165883	1.21105053336774e-05	0.0005167209476358	3.15641057486138e-06	0.188645215880952	0.0939464310455064	0.0076935240069146	0.0003141912803166	0.0087523801649679
Sub69	0.0348589261928333	0.510697069654236	0.0010283353441842	0.147581013024895	0.0798035720335802	0.0529698115700523	2.2370791624661e-06	0.0005197709802594	2.52495060185905e-06	0.0717249826935144	0.0666335466750865	0.0140828325362634	2.99583188102404e-05	0.0200654189465201
Sub70	0.0047482356145818	0.318331993210523	0.0016372491701755	0.230014858004921	0.106411594638583	0.0108159199744037	2.20012613907772e-06	1.20618016027557e-05	2.35504209523375e-06	0.249921280734455	0.0583460014825507	0.0118621480998085	0.0007931948724503	0.0071009072277113
Sub71	0.0093460596908185	0.411085420569118	0.0001930581329157	0.364298227391017	0.129734248932076	0.00893269254455	1.27177949819e-06	1.24976788656735e-05	8.15305759539934e-07	0.0411736189386571	0.0106544645091801	0.0153406392572744	2.56459233867631e-06	0.0092244206779298
Sub72	0.0083322570703446	0.470010883542031	0.0031618121662465	0.0924617891072892	0.0137923961893661	0.0731089193919507	1.28084496949343e-06	0.0005637927431639	0.0123568299958267	0.224867612778531	0.065261295940628	0.0189665807568265	0.0001985510432104	0.0169159984296157
Sub73	0.0082801029876685	0.452609702059725	0.0023678757193586	0.28203170060195	0.0787357767626549	0.006033536727554	2.9106408795048e-06	0.0001944791359387	0.0053466713353843	0.114952266512186	0.0322835296233041	0.0104895214126489	4.77307270228888e-05	0.0066241957537243
Sub74	0.0020162405817155	0.162817311542873	0.0019042371373833	0.463538229392635	0.230518758917431	7.57344565674729e-05	0.000891978013637	0.0004755047307269	0.0012863827224131	0.0983535781183441	0.0321922797238446	0.0022417162000614	3.1332319599672e-05	0.0036567161427688
Sub75	0.0047926723373513	0.271846415616762	0.0027917038848664	0.377761509323994	0.0224030370982018	0.0109996600349639	1.93974065505437e-06	1.20501733990903e-05	0.0009260179864145	0.231986600119982	0.0468814407434984	0.0119163600438423	0.0002947843535238	0.0173858085425443
Sub76	0.0419245430317074	0.527732584470952	0.0047215154386413	0.0947416326873499	0.0573616591597418	0.0785490826421343	0.0018250604902286	0.0004609786643551	1.16244765607179e-06	0.113434912960542	0.0500433744690049	0.0187928988550049	0.0001208806981705	0.010289713984511
Sub77	0.0060683101312036	0.257042634884293	0.0013213897959443	0.34369661328184	0.0934696189306402	0.0196828982625584	2.17364629754453e-06	0.0014609126347376	1.17479583932043e-06	0.147988189048456	0.091908069954917	0.0107832142926955	0.0003224233897659	0.0262523769508116
Sub78	0.0175509188216615	0.396971363640669	0.0023179620334497	0.104140403972696	0.0165654848980514	0.0504430255024195	0.0004446804997588	1.28690417454439e-05	2.26248893024285e-05	0.349820910498082	0.0491380393431834	0.0109804895038104	0.0007289906077005	0.0008622367474698
Sub79	0.0052624234269963	0.30576645189187	0.0002243426397234	0.231440844542148	0.141034568017701	0.0038571913798202	2.70453769427422e-06	1.01501419066192e-05	1.72316091546658e-06	0.231087483961271	0.0496132258874565	0.0163054106144446	0.0004293169442507	0.0149641628538024
Sub80	0.0025915013671982	0.156214563117687	4.21824970027129e-05	0.304849979788568	0.226024138157481	0.0027950337844822	2.90761505287977e-06	6.74675327688037e-06	8.1468573843059e-07	0.18630552221742	0.0656921695768705	0.0249513636690481	0.0005020332104435	0.03002104355973
Sub81	0.0121556597357094	0.496712086774966	0.0008964959196327	0.151651273132002	0.0313612257967064	0.0304266142309791	1.39875960709157e-06	5.0565944541188e-06	9.46925448452874e-07	0.181873771594839	0.0455590629825105	0.0213805632044598	0.0001186132844871	0.0278572310641972
Sub82	0.0059908398702043	0.0722662816077786	0.0061603660461843	0.284117201879218	0.231163848579515	0.0072799759303228	0.0637862481809955	2.23520973334845e-06	8.50273238194157e-07	0.218134495083135	0.110461388990727	2.09377719680074e-06	0.0006336110356218	5.63536128916404e-07
Sub83	0.0015384557789787	0.183788377128849	1.28582258669467e-06	0.388612264839689	0.207196536467536	0.0040256980058602	3.94380799758013e-06	0.0001368324965433	0.0007520120610316	0.102038269945452	0.0493761428644423	0.0158777827114068	0.0007568810328962	0.0458955170367306
Sub84	0.0034566341775899	0.272103104821469	0.0012741201287943	0.205683237393599	0.0604956500181269	0.0136838411954857	5.30973256890535e-06	8.41812189282868e-06	1.14730987069955e-06	0.247684093252779	0.146892913261453	0.0274529780122846	0.0005091877896262	0.0207493647844591
Sub85	0.006897332729757	0.406603461844277	0.00150326595984	0.307250423966045	0.0593514101449723	0.0137993291706141	2.55075935705139e-06	1.79180447219057e-05	4.26284379244428e-06	0.142315219061852	0.04644160295655	0.0096292913889107	5.88166692578379e-05	0.0061251144600528
Sub86	0.0083257756026058	0.411030065848003	0.0001448930410633	0.163158092773886	0.109035155476802	0.0126951220334303	3.06551048857364e-06	1.20040495097533e-05	1.70811858570216e-06	0.210423278552386	0.0447130833321195	0.0203470810194808	0.0002706062731049	0.0198400683685338
Sub87	0.0053624795729094	0.267868666140958	0.0092439823233266	0.309643832366796	0.0633552332421948	0.0003521507125374	0.0052117745300188	0.0119608978559926	0.0424287601709781	0.172508346347914	0.100840791332798	0.001569520591304	0.000595892174747	0.0090576726375251
Sub88	0.0252018967392714	0.673969622092275	0.0230958240090422	0.0376721873297606	0.0101072911154821	0.0345241169417021	3.07348669156012e-06	1.18139711018845e-05	6.81962868335479e-06	0.129258124473671	0.0387194486975674	0.0195820025492587	0.0001563027032719	0.0076914762622208
Sub89	0.0186462307116549	0.611242500586874	0.0052232120968053	0.0809816312656837	0.017565154969985	0.0514130430343256	3.21919817561238e-06	0.0008971973995205	0.008450153159109	0.124783613351782	0.0596749923445392	0.0090258682663358	0.0001672692406327	0.0119259143745774
