	Inhibitory	Excitatory	Oligodendrocyte	Astrocyte	OPC	Microglia	Endothelial	VLMC	Pericyte
10101327	0.0803947802828391	0.341462389199923	0.143385652616116	0.212101687752958	0.0001163433704622	0.0399856846499625	0.0139184708713562	0.0001263935363873	0.168508597719996
10101589	0.0097781231737427	0.290962112340924	0.162038568452462	0.271410533041444	0.0085973876425145	0.0396930238795547	0.0322891253801379	0.0006831768892065	0.184547949200013
10202345	0.0591602686186088	0.291296757099844	0.163407842194395	0.225229400567982	6.41284182507764e-05	0.078081950413827	0.0180623748743543	0.0001814383036236	0.164515839509115
10203224	0.189373963320209	0.373867388177599	0.121152134427093	0.117150241099825	0.000474450843126	0.0430458482988256	0.0143514540533344	0.0002329897311473	0.14035153004884
10205244	0.0304320571403948	0.287556686626881	0.212787758621333	0.234644071653964	9.5377789565069e-05	0.0458342234992866	0.0253760861650535	0.0001038146431615	0.16316992386036
10208143	0.109453746365334	0.343066499589378	0.14827443113504	0.176071080833278	8.08030590275855e-05	0.0469485400588296	0.0128766855769289	0.0001856652251428	0.163042548157042
10218339	0.0571251369433118	0.319504349902039	0.191985932391995	0.205546168144818	0.0003165149452608	0.0394899308001792	0.0177130019116474	0.0004363365557145	0.167882628405034
10222853	0.0641758686924843	0.366512138791167	0.166387638760558	0.166192575233098	0.0002906462836628	0.0503154068203238	0.0166307078874554	0.000238912104059	0.169256105427191
10246987	0.144488956959804	0.445481548427515	0.0791039523431696	0.111388932118101	0.0001658803123909	0.0377958588305209	0.0272561825414522	8.46912805221322e-05	0.154233997186524
10248033	0.0647871595347382	0.342721300794441	0.150090586760336	0.215740682684891	0.0066216812481884	0.0343868165445701	0.0119268054699039	0.0003603021126434	0.173364664850288
10249336	0.0608963758644941	0.331385885942783	0.182726563983829	0.190314238075341	0.000589100167987	0.045168735184467	0.0229408033557622	0.0002190838300783	0.165759213595259
10253148	0.0087400243340751	0.282160160778428	0.114440178792023	0.293652545908108	0.0021534367801084	0.0880098170455486	0.0237729562044513	0.0001496621287483	0.186921218028509
10260309	0.0261001598824224	0.291379435534807	0.141623470323531	0.295923313769641	0.001689561273163	0.0435627442776165	0.0215580340669577	0.0002652758074364	0.177898005064425
10262905	0.0646972087684196	0.362985728022778	0.183801051625996	0.168950558487094	0.0002106650738243	0.0412673961888878	0.0154236065923339	0.0003428106031708	0.162320974637496
10271474	0.0543047015696176	0.336098166745834	0.175685280008866	0.205022555396695	0.0001660681858339	0.0459448455781995	0.0143511270765092	0.0001420436687756	0.16828521176967
10277308	0.022365743611114	0.326653839312126	0.18281478356414	0.233706603368748	0.0005591283282186	0.054690958337109	0.0186338883327813	0.0001446326902922	0.160430422455471
10288185	0.0330294019297401	0.33430950415493	0.156606010956324	0.229697951355604	0.0027933604758139	0.0426583072240437	0.0204730908833831	0.0003297245357715	0.180102648484389
10290427	0.0312843455532192	0.288186873732015	0.175115449778222	0.22984645401292	6.33588968922218e-05	0.0678259287881206	0.0245809577966059	7.62863037860918e-05	0.18302034513822
10291856	0.000359563742649	0.209460315547881	0.228775230163188	0.293885412175558	0.0062059671702058	0.0464747874539906	0.0297706658101343	0.000739018988862	0.18432903894753
10292311	0.053008573088503	0.352469016159107	0.158173808459425	0.208477876524681	0.0007885455355952	0.0383610956718641	0.0157713872210347	0.0002616970797722	0.172688000260017
10300914	0.0007933580605068	0.242182299173203	0.210234758016503	0.284105868333463	0.0088837875923097	0.0455597903190828	0.0240024148257212	0.0003409341749698	0.183896789504241
10315029	0.0004719686136017	0.218302402498083	0.231727290511038	0.279525245340978	0.0016903608577499	0.0595066276936359	0.0252480564726249	0.00017094293381	0.183357105078478
10345561	0.0512891307440835	0.320749351771239	0.117100975120218	0.244513183070349	0.0005034044964495	0.0574226186972182	0.024338112078635	0.0003324193256411	0.183750804696166
10383017	0.0738233025343572	0.348301724657027	0.14478624663609	0.188565494212174	0.0002782064153876	0.0501430179844179	0.030038740346152	0.0003078515183823	0.163755415696012
10394182	0.0748626053215308	0.300982804529388	0.181327830834166	0.210923626643425	9.64429671663066e-05	0.048424532890951	0.018282673599967	4.4743596664987e-05	0.16505473961674
10395197	0.0427059277549997	0.335599909266671	0.145795578976702	0.230197163225905	9.14137433015437e-05	0.0511596716198301	0.0185861790971325	9.0829135243907e-05	0.175773327180214
10405008	0.0181607403448277	0.267267700486007	0.155117392911859	0.315345309043556	0.0006368711153286	0.0517131657813035	0.0243844243142173	0.0001521078809268	0.167222288121974
10424475	0.0206769982213192	0.237898682925345	0.160293358764182	0.314449308354946	9.62804165359684e-05	0.076678998356184	0.0224658511583542	8.86570611898441e-05	0.167351864741944
10433070	0.0542370363415572	0.328264491119616	0.125922669180648	0.242006429640236	0.0001317055867987	0.0539255981623279	0.0199186906677387	0.0001312766297977	0.175462102671279
10435090	0.0508094490985649	0.34001462644504	0.15699520409075	0.215620049745111	0.0057764084895275	0.0414409250761996	0.0126726736494719	0.000108693840937	0.176561969564398
10436131	0.06603082669445	0.344872903167122	0.154290215061183	0.216945345999886	0.0003961007281537	0.0336015569754378	0.009661141045324	6.42253882737676e-05	0.174137684940169
10447620	0.026912745852427	0.346345260985208	0.116058759236051	0.258946181578649	9.63549727659988e-05	0.0499580681641264	0.0186988144157981	0.0004699552122391	0.182513859582735
10460587	0.044478275645489	0.305656068981657	0.186659524559771	0.247208371838683	0.0001379020242227	0.0412611109951303	0.0168545239204591	0.0001279862794783	0.157616235755109
10473384	0.0147296108258072	0.245437019830113	0.188764632664489	0.299303236587877	0.0001524757245001	0.0560082209919428	0.0252464996263165	6.66798348626013e-05	0.170291623914092
10478041	0.121745231366029	0.369129547005367	0.13541842771969	0.16671375887804	0.000137320844745	0.0372080652795276	0.0106696770302916	0.0002413367841166	0.158736635092194
10480383	0.0101166866336424	0.284273229433204	0.180227574846898	0.25208818495968	8.12083919431076e-05	0.0616648094740653	0.0212211838444884	0.0017635943859703	0.188563528030108
10490993	0.0773173953732706	0.392977037415321	0.127294461045432	0.17354844781498	0.0016869661640099	0.0358604302267726	0.0189471307801714	0.0001160300783801	0.172252101101663
10502798	0.001199445310539	0.229808858429406	0.140375814841282	0.336829131991225	0.0006593027503048	0.0572001513993698	0.0387921218133431	0.0008561756704709	0.19427899779406
10510090	7.46367618818516e-05	0.201886355664063	0.219013297136427	0.266755239965589	0.0060710721728908	0.0655358490966912	0.0374041891132839	0.0007038664245073	0.202555493664667
10516762	0.0546753079358644	0.366600528043605	0.151742044688953	0.197283721743247	0.0002751678933403	0.0443351154598991	0.0167294749298372	0.0001026347099821	0.168256004595271
10518782	0.0674346733462289	0.340210839325833	0.149381947902942	0.223247881484185	7.24842969190352e-05	0.0325131355773161	0.015997930695497	0.00010992403584	0.171031183335238
10536568	0.160058133332952	0.371354247213492	0.0998250096599402	0.174638227544967	0.0001071820495295	0.0383398199479767	0.0085522494430164	0.0001525980716214	0.146972532736505
10551157	0.0350064621989416	0.315121552602616	0.207133362471108	0.195794062977904	0.0038825245145721	0.0449347340003242	0.0233827466415006	0.0003195652022623	0.174424989390771
10557081	0.0706997444614599	0.363897914327271	0.168832621680348	0.17581335720082	0.0028298961012926	0.038715030303646	0.0152442390430613	0.0001853221818257	0.163781874700276
10577337	0.0120123338357742	0.256068164835185	0.160513429594997	0.298842988854123	0.0004079797617131	0.0451802032661448	0.0375260922358064	0.00024106828737	0.189207739328887
10589255	0.0979831540191754	0.329731218635588	0.218751810047094	0.139153732930648	0.0059420713578925	0.0336561085853454	0.0198476015932403	0.0019365922474167	0.152997710583599
10669174	9.85523201160808e-05	0.188197652046455	0.157972755358877	0.348800733632971	0.0020640102072849	0.0731099046107034	0.0472155351590093	0.0002727925711801	0.182268064093403
10684501	0.0358067486495966	0.282587882551781	0.171807215113076	0.273743698244284	8.68926070628204e-05	0.0468632558100102	0.0203276832951519	0.0001720373098355	0.168604586419202
10850171	0.0230400818737563	0.258985716706578	0.220297406625169	0.232710561732766	0.0025105039018942	0.0477500232363215	0.0373246005811729	0.0012858407818383	0.176095264560504
10866165	0.0616792481071755	0.315353574463512	0.159030636275433	0.199995959887842	8.80881017121205e-05	0.0696291660507412	0.025232884846777	0.0001186905294228	0.168871751737384
10885370	0.0174208117984168	0.271119309293515	0.152504350828329	0.270516056379905	0.0024210435500933	0.0652484773929524	0.0313797470955381	0.0003116744301648	0.189078529231086
10901987	0.0659603639936945	0.342249017418856	0.16984003278289	0.150629549947426	0.0002615432708257	0.0580044515786339	0.024083711306767	0.0001776379211834	0.188793691779724
10929637	0.0425018044865301	0.325694433684783	0.184780204976167	0.177541833431221	0.0035401116962761	0.0646071406973752	0.0200727373263848	0.0001606087787677	0.181101124922496
11157783	0.0023667154992156	0.225194721415082	0.2185951393158	0.294085362489338	0.0011734930200443	0.0561426688109623	0.0328879346450415	0.000126387546801	0.169427577257716
11165535	0.0305575269925167	0.297421742977537	0.166247952572038	0.232013891250319	0.0008712701371188	0.056850701182164	0.0334489624712312	0.0001163380987525	0.182471614318323
11200645	0.0437448641472227	0.30507874383227	0.21432909100825	0.204091798	0.0002460438660824	0.0433474804193823	0.0259797130970409	0.0004872747862476	0.162694990843504
11259716	0.028340678116442	0.30002387652816	0.185909343241377	0.261366897635203	0.0047094070232766	0.0379118048892497	0.0152511927859854	0.000257264490235	0.166229535290072
11302830	0.0218033884161081	0.265870062761962	0.163223093908787	0.257518804682809	0.0015436148393039	0.0594947798604261	0.0379604215247421	0.0001527895043784	0.192433044501483
11310844	0.0388532159218873	0.338915998652131	0.154900303271145	0.210989294306059	0.0001122000098936	0.0629731543058504	0.0152509197874175	5.42379840597539e-05	0.177950675761556
11319389	0.0212225709875979	0.260625399930885	0.199817135095933	0.283593001819789	0.000120766680067	0.0492805837779244	0.0278395684074106	0.0003507517698747	0.157150221530518
11326252	0.0745228152189784	0.306595260237014	0.16927382341844	0.21655340168239	9.53655414526736e-05	0.0506520636115088	0.0157847993646747	0.0002622193566076	0.166260251568933
11327005	0.0778182034765464	0.358638441628196	0.13495243341712	0.196491150275951	0.0002468261507087	0.0453810081319352	0.0171963683107886	0.0001241645554206	0.169151404053332
11331231	0.107261905538573	0.355291773178691	0.176268534411874	0.139018585141424	0.004009558735512	0.0383729787424915	0.0219342784854841	0.0013118303893796	0.156530555376571
11336574	0.0660366889087941	0.311737949366172	0.135012850605304	0.243929446052049	0.0001094902376528	0.0502139702746933	0.0258660001667356	6.73472861512644e-05	0.167026257102448
11342432	0.0217118638659545	0.307367859670782	0.164401959491603	0.258438050393288	0.002018104414456	0.0540072886035322	0.0192151606915767	0.000232614170156	0.172607098698653
11345331	0.029623714920539	0.313064444622874	0.181459425779671	0.237382833303628	0.009550476425976	0.0400519308291196	0.0184227290782348	0.0004221063929301	0.170022338647027
11349119	0.0793115358048748	0.347137001262641	0.156180195370124	0.166473530042657	0.0001273586406837	0.0423474514244963	0.031849695691221	0.0002056579554126	0.176367573807888
11353057	0.0012357026371559	0.291430822609413	0.202713382940758	0.226485852863942	0.0094940382001039	0.0554741291653486	0.0202816364518979	0.0001518949975276	0.192732540133852
11395417	0.110727312681886	0.361742911503092	0.135116864080852	0.184681085096898	0.0005299521966157	0.0329016119040201	0.0142045003307906	0.0002881170406601	0.159807645165185
11399321	0.0237298208546229	0.306054060468973	0.120440252310965	0.305273120518627	0.0021682680507966	0.0501583278120743	0.0211328627381166	9.02333159385337e-05	0.170953053929886
11409232	0.0389487711946549	0.290430278377726	0.131160380173065	0.28007487278733	0.0002984639067929	0.0563820396374206	0.0260493338464185	0.0001180444380788	0.176537815638513
11413170	0.0360690322737196	0.322671019221856	0.125150302461286	0.287954826732916	0.0001252736074269	0.0443045181340067	0.0128778952019444	8.2905670398411e-05	0.170764226696446
11430815	0.0488067879669865	0.296528754209018	0.182271032319619	0.233914024322229	0.0009412171960018	0.0449000225592936	0.0202727249668847	0.0007977999834359	0.171567636476532
11440263	0.0656599669270496	0.351910167420081	0.0918881758593583	0.215550712176677	0.0001087998875824	0.0693783924190913	0.0198043725080281	0.0002173809576981	0.185482031844434
11444465	0.0475463528751976	0.371177094914163	0.172454009877385	0.151348921886175	0.0140718618390592	0.0510173787770257	0.0203847612563396	0.0015084180105441	0.17049120056411
11453772	0.0364471721033305	0.329179918079842	0.173395140228177	0.19010062667642	0.0240716313964971	0.0415460602158611	0.0157160011683105	0.0007470852267997	0.188796364904762
11455530	0.0068092427531101	0.228023764396922	0.141240961779247	0.344768796161561	4.69840599039409e-05	0.0716999440652265	0.0294885953922473	0.0001946536952218	0.17772705769656
11460357	0.0485779228545307	0.318927491231044	0.133232006075869	0.221542678629442	0.0089365586043796	0.0614800838616451	0.0492883405719118	0.0005320745122666	0.157482843658911
11464261	0.0555567998923003	0.371539846287127	0.133629864702389	0.202489700524105	0.0010033992202952	0.0491483941460131	0.0130977460688051	0.0002890579881908	0.173245191170774
11466579	0.0542370428804133	0.331967903280044	0.182298786630144	0.208939026327213	0.0002833573073186	0.0452009250790421	0.0183918385751601	0.0004264048191186	0.158254715101546
11467746	0.0786376204140409	0.29339873474251	0.154257473551559	0.21862597992015	0.0001589734653232	0.0640383149759295	0.023951268232394	0.0001092691262613	0.166822365571831
11469504	0.0626035304573571	0.350646291638098	0.142156419904669	0.200020410230431	0.0003382645227756	0.0509418111099497	0.0216329368052041	0.0004022850961338	0.171258050235382
11471260	0.16957974973793	0.392166912296927	0.191828228665054	0.0650116745074588	0.0001008584460836	0.0250095302246665	0.0043831068691299	6.13687082316841e-05	0.151858570544519
11606935	0.0537687094349885	0.300335372392482	0.261419544424704	0.158186873156865	0.0008105760411083	0.0420680139866594	0.0138839656295312	0.0002720974189536	0.169254847514708
11615242	0.0705011748413127	0.352168055752654	0.157646277744799	0.183516744691109	0.0079189146484203	0.0319009217389587	0.0256793517933267	0.0009221754547134	0.169746383334706
11616707	0.0179849258004142	0.309802039096081	0.156568360716671	0.261954245336345	0.0001646577044645	0.0518581685544537	0.0264563236992093	0.0002476660107155	0.174963613081646
11619606	0.0015882120636871	0.222052516042895	0.217800865408852	0.282043900437403	0.0003606549351983	0.0611740529218162	0.0295972280999778	0.0002116743762171	0.185170895713953
11624423	0.0703740038050204	0.332697082516036	0.151358954437918	0.183388705589539	0.0002003395519273	0.0644901762998702	0.0233993685189226	0.000374114907208	0.173717254373559
11631558	0.0174200570271648	0.287131664558981	0.180246016712362	0.241689278163026	0.0016456819767448	0.0680128796644215	0.020477379690609	8.22247478019295e-05	0.18329481745889
11632851	0.0572276712305438	0.308654103303054	0.161887772947578	0.226947799909062	6.61101394521659e-05	0.0484615229343633	0.0219771737156046	9.08463157830809e-05	0.17468699950456
11652071	0.065603552394634	0.349445538023001	0.159457174793325	0.197642763365501	8.95087197960173e-05	0.0515516655785298	0.0144950314197509	0.000140586936029	0.161574178769434
11681508	0.0063758488934291	0.258694503796625	0.197475493575461	0.257810320699552	0.0001246588800352	0.0642027811683622	0.0218727543426088	0.0001199312536994	0.193323707390227
11697592	0.0813448021317807	0.341815576870946	0.184396167888032	0.189308369510706	9.2426221655698e-05	0.0374091726999933	0.0235953113569841	0.0004193760364397	0.141618797283463
12365619	0.0327421980849402	0.287091846652272	0.220904918663284	0.199392717002134	0.0001191197440583	0.0574218297248463	0.0276007167716526	0.000526699061724	0.174199954295088
1243685	0.0630359004865456	0.329099579439454	0.142675359601493	0.225720096746584	0.0001689308677787	0.0473155416688516	0.0203873958009425	0.0001137004227776	0.171483494965572
14184286	0.0095260617621292	0.273442081276069	0.234644476115202	0.224326843728238	0.0015860411738905	0.0538306668945794	0.0248087923740955	0.0001743684917652	0.17766066818403
14498577	0.125263169566283	0.359084527490918	0.14285867144115	0.145370138851951	0.0001930461867591	0.0435172943512174	0.015822091798483	0.0002581534133874	0.167632906899851
15113169	0.018660633226726	0.304174653246884	0.169018848990307	0.245199191711702	0.0001055968462509	0.0487851270137103	0.0242991356927477	0.0001499709556735	0.189606842315998
15114174	0.0521103614164828	0.333132476995375	0.16161316478723	0.184739182032673	9.96810235420913e-05	0.0651305078148066	0.0165575818699965	0.0001822796161151	0.186434764443778
15115927	0.0595727283928687	0.316776190754147	0.155900222187162	0.216820346517421	0.0001312030025865	0.0511248601089337	0.0189203507324136	8.62000226323732e-05	0.180667898281834
15121461	0.0145544562318273	0.30263495589241	0.212593342452517	0.216288578002843	0.0003753282153265	0.0524163234303247	0.0253938238694046	0.0003755900064046	0.175367601898943
15138884	0.0546779057341465	0.328905587362074	0.177530223766209	0.190889602875262	0.0002062798792576	0.0481376343176841	0.0235440170056931	0.0001799072410053	0.175928841818668
15144878	0.0652398377426479	0.316609838068	0.148626721905315	0.242358526424563	0.0009706152699279	0.0469674169980275	0.0191531852475337	0.0011686823170052	0.15890517602698
15161351	0.0735764528933722	0.341670095131361	0.152941077983123	0.217003019108702	0.0014031366865919	0.0342320928769936	0.0215908183834051	0.0002653974455116	0.157317909490939
15176592	0.131627973693756	0.358818719415263	0.129211216726808	0.171119994900646	5.51909584096047e-05	0.0517148988453328	0.0144116374834466	7.63908458370209e-05	0.1429639771305
15218541	0.0694326932070735	0.310734352059085	0.169497086676854	0.216655509648244	0.0001991406766489	0.0438977625253963	0.0216971892005006	0.0002050003227128	0.167681265683485
15387421	0.0319645182364236	0.324574685352085	0.206314273723019	0.19787217888769	0.0001144060959105	0.0431306347180413	0.0233987806073441	0.0003365244661384	0.172293997913348
15420223	0.0850959795392008	0.310425941670506	0.153317065559536	0.216744550854399	0.0003138136643002	0.045321217925786	0.0193354783008537	6.91893864809388e-05	0.169376763098937
15495024	0.0178562790841778	0.258281800868918	0.218644798967951	0.240379344527616	0.0036018069050122	0.0586380032674786	0.0258341800576086	0.0001907672131034	0.176573019108135
15712086	0.0696653673289278	0.321272569026351	0.162999709362305	0.203876530346866	0.0072701889159966	0.0501861332249035	0.0172872097502221	0.0002519059117304	0.167190386132698
15738428	0.0503192826691841	0.306952754282715	0.174696577592335	0.20454190992293	0.0009702412795601	0.0673983340628612	0.021598235588668	0.0003021903797407	0.173220474222006
15844425	0.0994822907824671	0.359967182475592	0.123154201836738	0.190044183233884	0.0003476173086276	0.0399389731237956	0.0202870639345803	0.0001141405728334	0.166664346731482
16513683	0.0027708958963827	0.283951250799749	0.191708342594544	0.241210861053933	0.0002085348263667	0.0720453414724365	0.0300912820045019	0.0006795041940991	0.177333987157988
17219510	0.0244638176804448	0.258944152291889	0.163160201093101	0.276708283165403	3.70349576390346e-05	0.0668324964918939	0.0274751110628176	9.93333037778218e-05	0.182279569953033
17929065	0.0747126284734395	0.326514872173692	0.166851248644802	0.172891450424128	0.00016161920058	0.0546800527437746	0.0327157195066706	0.0005652504584611	0.170907158374453
18414513	0.0339366732222718	0.276413207689711	0.175957307859297	0.273967574648704	0.0001077702569037	0.0456836356686641	0.0193744502332922	0.0002052870315054	0.17435409338965
20102505	0.0389119086267832	0.311153638969196	0.220903575905212	0.206512380783847	0.0036405423123839	0.0496705822790293	0.0148053147714	0.0007244782834916	0.153677578068657
20104101	0.0086125940750566	0.279096092321035	0.176247888031557	0.260687582222861	0.0005518097334814	0.0585945033897418	0.0327588566478903	0.0003972487455392	0.183053424832837
20105242	0.0670921155000363	0.358617895170249	0.149378539638493	0.172214147824402	0.010079461540289	0.043856567374263	0.0247118181125498	0.0003399738627097	0.173709480977009
20115276	0.0520086375960819	0.323541076207581	0.142079083979244	0.226260942179521	0.0003231962969141	0.047122081044698	0.0253629255927743	0.0002532594656027	0.183048797637582
20120255	0.0576049901509275	0.376896313233709	0.171400353863739	0.158954500039999	0.0002601264099794	0.0546906938440573	0.0138548797268428	0.0003380037441069	0.166000138986639
20124321	0.0462599299033508	0.292868345269929	0.187219649890583	0.233855512394763	0.0004942892488141	0.0428663139532763	0.0231843781471121	0.0002623953942183	0.172989185797953
20139562	0.0335709423243136	0.276075982392949	0.171077450040801	0.271635709757928	0.0007846808618244	0.0519504875456895	0.0228361186237646	0.0002913326072007	0.171777295845529
20139850	0.0996626198978539	0.33840875362635	0.13699279385289	0.195427556746182	0.0002157835092017	0.0477193241488802	0.0148049499027635	0.0001130012903646	0.166655217025514
20143248	0.0100257050924947	0.270413041271943	0.251089774966168	0.202548857492813	0.0079101930350501	0.0460475064926583	0.0354526407456165	0.001696289944973	0.174815990958284
20147026	0.126087584884548	0.377697516464853	0.135391564026075	0.162371498316323	0.00016095662345	0.0438037890433548	0.0111583887331353	6.71852577185008e-05	0.143261516650543
20147440	0.0375261241992282	0.296799664566543	0.18821315068114	0.260575540180495	0.0003670567128208	0.0464554435095655	0.0154898292742721	0.0008653020621874	0.153707888813747
20148879	0.0786262220324396	0.357817452661158	0.155276144745887	0.188249770472779	0.0003322767299392	0.0450337212327268	0.0139420852630235	0.0002969630319676	0.160425363830079
20149910	0.0510693508610666	0.329831751947623	0.13818994774667	0.211609740190463	0.0019393486667773	0.0622651528808057	0.0176758640004764	0.0007123177753815	0.186706525930737
20151388	0.0381383970277237	0.288165927381921	0.20425065867165	0.264826897368156	9.83351571182054e-05	0.0283565838994392	0.0208302114170557	0.0001294300664533	0.155203559010484
20152393	0.0807403688248186	0.358981212934487	0.180707404793649	0.168383808001753	0.0001760097116042	0.0324914326389783	0.0173391669827208	0.0001179980654998	0.161062598046489
20154287	0.0368285673963035	0.326843888541984	0.167922241946068	0.19262352030056	0.0001624044806547	0.0672493303920514	0.0227850997465949	0.0001359578248342	0.185448989370949
20156469	0.0293602650856681	0.266696560050781	0.187326790103951	0.236594180891339	9.30976851470816e-05	0.0749960682445825	0.0242478392685107	0.0010455065380842	0.179639692131937
20171508	0.0669894372387885	0.31919367528548	0.179480191665268	0.203730407359526	0.0001497020417526	0.0481156258009232	0.0207686806696336	0.0006078046334378	0.16096447530519
20173942	0.0606170093460926	0.339471064344988	0.180519216415802	0.160539469592558	0.0001206094990859	0.0575918032412936	0.0242248367292978	0.0002171341652807	0.176698856665602
20174533	0.0007248099859637	0.24369102960339	0.196450747603208	0.287878045326709	0.002897317780335	0.0553347518265275	0.0236813623839375	0.0004918947985334	0.188850040691396
20177982	0.0817591498828905	0.327359038602905	0.197352800001652	0.149976727293753	0.0001614432051294	0.0566550226114437	0.0170926183516654	0.0004421910897579	0.169201008960803
20178447	0.0346281821878826	0.297218541168594	0.185844020730382	0.189134496560359	0.0002685246032723	0.0849911507897527	0.0282294130505141	0.0001799706314598	0.179505700277783
20179164	0.0512765563738887	0.289738064844173	0.142292712444965	0.279901277943248	0.0003127718928691	0.0407774426405638	0.0224423337495243	0.000100533060334	0.173158307050434
20185860	0.165479529342974	0.32380522844131	0.133128488941074	0.170497841115098	7.32759324171206e-05	0.0492094152356468	0.0104420934928427	6.2032834423672e-05	0.147302094664213
20187042	0.0596209284909932	0.31877635508548	0.171269565233153	0.227610240991238	0.0002355393700149	0.0436611857265855	0.016005836543227	0.0001111926405484	0.162709155918761
20195344	0.0395473766254811	0.293048896151548	0.228790408932297	0.210329920000866	0.0011593421106379	0.0423370786095748	0.0194435818056098	0.0001769380645272	0.165166457699458
20197364	0.0605553556310728	0.318086969246969	0.169548210859563	0.177000911717688	0.0011977946587266	0.0572562890922549	0.0266022186866403	0.0011483664030325	0.188603883704052
20201189	0.0311895661944163	0.277557924791457	0.170925747608766	0.219442737913646	0.0001142503143681	0.0958923154596748	0.0248076273045954	0.000425678244727	0.17964415216835
20201927	0.0404143445289276	0.314626544079146	0.156697065553777	0.225800941661103	0.0001104477734064	0.0598826464611751	0.0359611444992401	0.000175104760819	0.166331760682405
20204538	0.0770346080847574	0.315120540375703	0.159323135430264	0.222886654457152	6.29672809602775e-05	0.0490035558981335	0.0135312082754518	0.0002807389261787	0.162756591271399
20205705	0.0402514830781278	0.301336881114755	0.206660155112909	0.218857074347173	0.0002494609900247	0.0310152103358539	0.0210356751583727	0.0003214860622387	0.180272573800545
20207013	0.0059163998794574	0.286368536970619	0.191533904576873	0.248859664957133	0.0127084906645085	0.0457398163319055	0.0266169075906142	0.0005854091128653	0.181670869916024
20221273	0.145300746572586	0.280221996407688	0.166244443079181	0.204834772524808	3.95476553657094e-05	0.0445138147720785	0.0121341065185631	5.15014168590889e-05	0.14665907105287
20225925	0.145006526636673	0.363698586884612	0.164857624940156	0.136519155586914	0.0003325969204188	0.0321884284700329	0.0119466886778522	4.56803934181535e-05	0.145404711489922
20232474	0.0413467901724918	0.323494083433635	0.17826011027645	0.211635584958996	0.0014705832575019	0.0565628948676945	0.0144368701857193	0.0001476401458683	0.172645442701643
20233939	0.0003886451145996	0.219310835914583	0.210683895122944	0.314902254673952	0.0046299794841349	0.0498976820236724	0.0231386198932949	0.0002330800793558	0.176815007693463
20240514	0.0425197270781295	0.316916754253254	0.156135220424797	0.214754589860809	0.0065846264178242	0.0541654428890886	0.0249633909151566	0.0002889691700479	0.183671278990893
20242958	0.029197836291426	0.31524396183131	0.199189604886445	0.218702294002555	0.0041790441891831	0.0438012185239936	0.0152158436566313	8.35285953555135e-05	0.1743866680231
20244554	0.104047019419498	0.313865308463639	0.132389930914783	0.223599979037908	0.0001010061296299	0.0561944122287146	0.0172442317302256	0.0001152874760465	0.152442824599556
20249897	0.0937546877199084	0.31997931020896	0.199223890993452	0.186923288549335	0.0001903148770743	0.0388848313059051	0.0083218278817744	7.35903187026397e-05	0.152648258144888
20251553	0.0410374876241725	0.273264985426597	0.236062929766774	0.186986133408826	0.0021647251313788	0.0563258016696653	0.0270786833031971	0.000348352494048	0.176730901175341
20252720	0.0634028384570191	0.323752660561923	0.150490599968698	0.221514492970242	0.0007838363205281	0.0548172747121308	0.0167020859791326	8.70917343331671e-05	0.168449119295993
20254164	0.0270337067389207	0.308957559748845	0.129169022540944	0.279473340492749	0.0023782540648775	0.0622474417911605	0.0179165933697394	0.0002841486805131	0.17253993257225
20254876	0.0049746213244868	0.269993044980222	0.196407485625874	0.259257366186921	0.000704972196001	0.0619055780369538	0.0323965539078489	0.0005107935024057	0.173849584239287
20254902	0.0201505737418818	0.284838940840424	0.224871205572911	0.226117283759225	0.0022079856168483	0.0456101881748796	0.0211827970445418	0.0006532891063517	0.174367736142936
20260284	0.0191281898055964	0.265603305297203	0.175880061211362	0.280664407592448	0.0013970808327208	0.0494084601881878	0.0235589244461803	0.0003625686509998	0.183997001975302
20260734	0.0042770809626606	0.244228063951263	0.211382238965537	0.301309633285502	0.0036153928782283	0.0394857844527915	0.0262683197416701	0.0001858557719402	0.169247629990408
20261901	0.0217726921740466	0.346304315727972	0.144748108080996	0.238275396514146	0.0036200891397071	0.0361346222174393	0.026897900078278	0.0009170947589155	0.181329781308499
20263921	0.0083460753550886	0.23757195537125	0.212696576032617	0.27804438554414	0.0073735339099879	0.0439345220736139	0.0282913250792274	0.0001988790727607	0.183542747561315
20264936	0.0868185706552736	0.372934276716148	0.130205988901213	0.159936647578301	0.0001618602093971	0.045889449492521	0.0103082996820812	0.0002181323292899	0.193526774435775
20267709	0.0003256140659323	0.191964009443129	0.155955668782838	0.317895837051665	0.0006419234987096	0.0779309001199305	0.0664824176671299	0.0002727460491482	0.188530883321518
20270768	0.0744264089227216	0.331703427883142	0.13388675720138	0.204639517486115	0.0001198372924226	0.0602210369282876	0.0266471918307341	0.0001018020669666	0.16825402038823
20270920	0.117332196132901	0.378100164405553	0.143786220259481	0.158823108762791	8.58980616137013e-05	0.0316965681903973	0.0129155016957299	0.0001340388081802	0.157126303683353
20271359	0.103450973556693	0.361438379794191	0.163659508080898	0.157391938767032	0.0007701729624093	0.0362206345029404	0.0160089522008884	7.27644385547436e-05	0.160986675696393
20275399	0.0322357121352932	0.303547225370741	0.177107515872909	0.265698720706367	0.0001248309461704	0.0394548924675137	0.0175719293974787	0.0002506711105692	0.164008501992958
20280666	0.0389396991267678	0.289269364364996	0.133979690450164	0.269398954920588	0.0004421179723342	0.0589506493367919	0.0331362938999472	0.0001070575341488	0.175776172394261
20297791	0.0519190542622038	0.317575851116816	0.15369611670194	0.232381114794871	0.0013407866994638	0.0438740654168117	0.0182020397216939	0.000180884470209	0.180830086815991
20299973	0.0162546549508614	0.311643565840938	0.195817857537563	0.194286222071499	0.0001220325969221	0.0564889130060857	0.0243507996394575	0.0014929563261049	0.199542998030569
20311676	0.0338812116253892	0.324556766086714	0.180362851642059	0.198998419223665	0.0022364481741017	0.0584124244154676	0.0151279667087683	0.0001503093954446	0.186273602728391
20344143	0.0245593517445365	0.317265132195519	0.174671447437187	0.210367197297818	0.0001097430428172	0.0651184794763538	0.0310911227213752	0.0008726204633945	0.175944905620998
20358955	0.10180371834532	0.380880927178018	0.153679999843959	0.152024036959357	7.15313336237313e-05	0.0431584299794564	0.011722315940629	8.90459411225786e-05	0.156569994478513
20365116	0.0008167096367518	0.23541321975209	0.151755747437651	0.28943593787344	0.0001473595541767	0.0973286084482815	0.0323482482660601	0.0003120399777736	0.192442129053775
20376029	0.0106256946429275	0.262783173677844	0.167019386525453	0.218936461073127	0.0003647495438943	0.112159328913133	0.0332294197923774	0.0005840313904391	0.194297754440806
20390027	0.0100228032903033	0.311219303151011	0.20802613656751	0.18660367525652	0.00052258420384	0.0732846616848749	0.0361178539728129	0.0006878621159228	0.173515119757205
20399274	0.0414175516212777	0.293041492004866	0.168784169298884	0.237118648473527	0.0109953650991898	0.0547902238219957	0.0223622379916657	0.0001883463776894	0.171301965310905
20416210	0.0511392069139113	0.306916668495318	0.150634666801584	0.249818214611761	0.0001614348157911	0.0485201515085759	0.024271219185752	0.0002220153036478	0.168316422363659
20431359	0.0001219098723373	0.242327577126074	0.193622977279019	0.30035151746892	0.0125080742994148	0.0363548446023511	0.0355880288458372	0.0003497180474785	0.178775352458568
20453625	0.0837380868052832	0.367961712411287	0.184184653635379	0.157861851460435	8.45305567242806e-05	0.0345252649009969	0.011323149299397	8.64072677523642e-05	0.160234343662745
20455807	0.005172384136515	0.261841977474608	0.195801823785894	0.297484936880234	6.87537581704719e-05	0.0609532098275728	0.0211876765223167	0.0006707173305405	0.156818520284148
20487369	0.0652071720137309	0.365827366188291	0.131246209876845	0.198408275545947	0.0001225116881843	0.0490010274059353	0.0169718144867162	0.0006679008339009	0.172547721960448
20494368	0.0266921037539083	0.297775198516084	0.150378982458672	0.258295877181658	0.0006570531356815	0.0601932315571977	0.0209399156185055	5.2552686872214e-05	0.185015085091421
20500815	0.13564072538014	0.398535556222906	0.0916353797938916	0.128453148635417	8.18653882922076e-05	0.0435089158033272	0.042773054983808	0.0002974249760955	0.159073928816122
20501668	0.0508921042794127	0.322879051016571	0.147384618504638	0.222688102963096	0.0007119865339304	0.0551009374805104	0.0242449007096923	0.0001906661287243	0.175907632383425
20504017	0.0470942981417012	0.335283236197363	0.165824624457126	0.219354053722026	0.0045202861067966	0.0410668498004423	0.0195653720592996	0.0004451685367157	0.16684611097853
20521752	0.0495343771288207	0.325118029413942	0.139889486449909	0.25433576677473	0.0005967850686688	0.0502596135048151	0.0140039985487617	0.0002145415547912	0.166047401555562
20532115	0.0250495987450168	0.344224520753716	0.170724314593945	0.197042084631439	0.0062953143851652	0.0495811757074369	0.0213287565236056	0.0005638254519404	0.185190409207734
20559562	0.0279018192625834	0.306602729227593	0.169425958753891	0.249861039837588	0.0001514374844511	0.0487653879341791	0.0189358058074115	8.73185970975752e-05	0.178268503095206
20561642	0.0027087882829417	0.246654647217026	0.250891608014448	0.213120822644946	0.0001028738347392	0.0668994971500347	0.0255419751582762	0.0005059291902461	0.193573858507341
20569910	0.0616318613036954	0.298360421087201	0.155857864201193	0.213916100390366	0.0013800533299909	0.0646550179092084	0.0397932848378755	0.0002104961645676	0.164194900775902
20583594	0.0894752783453141	0.368506729851538	0.139178860067709	0.202993252726075	0.002626795992741	0.0322881180047321	0.0126498926797902	0.0006393482171546	0.151641724114945
20584923	0.0047572169840377	0.230131817195433	0.183952377078018	0.334516205039706	0.0019318410371224	0.0406540125947013	0.0301286091710208	0.0003779674436707	0.17354995345629
20594407	0.0778237116630261	0.367243616246789	0.15940761514748	0.181958494599383	0.0015003133837824	0.0339937017211067	0.0088456150613553	0.000183312445657	0.16904361973142
20602974	0.073131427605763	0.311514304979695	0.143229622424348	0.230107408512674	6.04573208260877e-05	0.0568007034158161	0.0170229376432721	3.90851252090527e-05	0.168094052972397
20603141	0.0169539246738018	0.274919674270235	0.153275888018584	0.2647250631317	0.0006685452041552	0.0749039022915508	0.0273345697012759	0.0009271099402547	0.186291322768443
20610726	0.032991449398715	0.344420129012836	0.245898019228116	0.1617276842415	0.0059913981049028	0.0337348019147224	0.015772374212655	0.0002559428582226	0.159208201028331
20611993	0.0490821926422818	0.326373710197993	0.129833638558309	0.239122958589268	0.0054792441084006	0.0509157181470162	0.0166055032201554	0.0001831493996297	0.182403885136946
20630946	0.0729619976982882	0.355858929883975	0.161786659951674	0.195904541961355	6.76509971847461e-05	0.0360864516659749	0.0148380060393709	6.4501755269196e-05	0.162431260046908
20646778	0.0453850056060693	0.318895590271121	0.205662616920575	0.18110811221108	9.64538761446817e-05	0.0512434742168593	0.0199896267924251	8.99779883784713e-05	0.177529142117348
20656964	0.0743757464073819	0.332062941912201	0.126540469883369	0.232672676479805	0.0033984870458593	0.0401146536217054	0.0212252716515829	0.0008499732607325	0.168759779737362
20665307	0.0729970864704601	0.32385093980354	0.180693693106529	0.20204498367615	0.0076986226433421	0.0409038741653472	0.0129107574297924	0.0001846229050377	0.158715419799801
20674902	0.0156092872369417	0.275062973303333	0.196839112846706	0.26764841911495	0.0027125958434183	0.0332182963109227	0.0249361718822005	0.0001046614225387	0.183868482038988
20683921	0.0415355215266263	0.292328808818817	0.140454703436505	0.205173633905276	0.0004025068063305	0.0953344537499521	0.0438086491907434	8.67293120145485e-05	0.180874993253735
20706215	9.35058909157283e-05	0.185335462371982	0.195108790528921	0.282351502490293	0.0104294989047895	0.0808303285920599	0.0498296030055204	0.001265265692109	0.19475604252341
20726273	0.0342781917084253	0.327102285597911	0.177137935555184	0.216560505289462	0.0027381882766482	0.0479574386130076	0.0189693954460472	0.0002269856003435	0.175029073912971
20730959	0.0553096275702205	0.325644664904254	0.152734706185401	0.225058923192485	6.66493822504883e-05	0.0543950757069848	0.0172841252097026	9.98838943692269e-05	0.169406343954332
20767628	0.237419368686628	0.371616819999846	0.156905997181132	0.0350844544007782	0.0003183796994331	0.0258258174509276	0.0118541974055025	0.0001219700603576	0.160852995115394
20774339	0.0723752481814216	0.33770484815994	0.165115824407929	0.205933725898428	0.001865585146212	0.0369571499251477	0.0160699654196362	0.0002240498141753	0.163753603047109
20779834	0.0002492217676801	0.235656644294857	0.153966601604609	0.309588424740588	0.0068230993805302	0.067272549878733	0.033852386437497	0.0002064797120262	0.192384592183479
20780035	0.0189643889944058	0.270393381962529	0.176819323049852	0.288781932203266	0.0017527395511639	0.0421107269602074	0.0248362631765792	0.0002735597545137	0.176067684347484
20798913	0.0003943428174142	0.237862363120586	0.241253170746078	0.202939066749547	0.0002024691484552	0.122626808451352	0.0233764071078157	0.0013996546900547	0.169945717168698
20800682	0.0540698144793133	0.217242557748044	0.14168003466191	0.209881750793044	3.44619281084151e-05	0.138808428750722	0.0606216283103692	0.0004234586288586	0.17723786469963
20821943	0.0501973504215517	0.30726468516298	0.129198117091208	0.242926966690565	0.0001267706877139	0.0562050316131895	0.0271628673236945	0.0002011940467414	0.186717016962356
20834164	0.0421529139164944	0.328007119622115	0.178383240139125	0.20728354674152	0.0039094094564282	0.0400775388093865	0.0177943689399872	0.0001824377750616	0.182209424599882
20865035	0.0221703919489383	0.309820546449116	0.139298624037857	0.244630987866033	0.0014891579255674	0.059469980950391	0.0265508580894819	0.0005691831045904	0.196000269628024
20898476	0.0151188005234682	0.322537828175595	0.179541687739788	0.256117158210622	0.0001018918012458	0.0322116942242787	0.0190850785385126	0.0001621332020871	0.175123727584403
20904509	0.0645841721872773	0.323343479221323	0.154731934840058	0.221842426584575	9.60478879343496e-05	0.0457595617422807	0.0134193521043255	8.12370568058725e-05	0.17614178837542
20906079	0.0002920063468796	0.231760706104217	0.191419376333078	0.341601006835126	0.0069047346353583	0.0290209060846791	0.0221998898519013	0.0001605067062515	0.17664086710251
20906493	0.0149088748962887	0.290157867544743	0.121075868355651	0.266302718379659	0.0002972006785576	0.0847843080394067	0.0273727955950729	0.0001794577312548	0.194920908779366
20907246	0.0428127764902798	0.321946314585253	0.143255367261616	0.230245998870183	0.0001093634447135	0.0640567181851431	0.0166061291333655	0.0001150665062085	0.180852265523238
20914669	0.100948114363988	0.334954369463894	0.201858731396015	0.13246061337716	0.0009216419762647	0.0494341657909658	0.0157991367293145	0.000112778663928	0.163510448238469
20922259	0.0371154437641011	0.323729103741959	0.138119046093372	0.275950723806434	6.97225420167355e-05	0.0425144613591232	0.0157343636556357	0.000249238251175	0.166517896786183
