Mixture	Bcells	Monocytes	CD4Tcells	Unknown	CD8Tcells	NK
T63_LPS_FC1_4	0.0575150494895129	0.31472341499758	0.274366625399536	0.0359494477264251	0.218737493618697	0.098707968768249
T81_LPS_FC1_4	0.205720375318035	0.198796617610616	0.347079124641558	0.116265884871731	0.13213799755806	0.0
T104_LPS_FC1_4	0.0630381835707852	0.176395518277653	0.565214774735978	0.0352072872275919	0.15226633187083	0.0078779043171623
T4_GARD_BATCH_2	0.140322318726284	0.0100830250721192	0.355103619246154	0.159241311028802	0.33524972592664	0.0
K47_LPS_FC1_4	0.0762582459396387	0.329070023918629	0.345945200157812	0.11950161873403	0.116382606489788	0.0128423047601012
T4_CTL_FC5	0.113573678317605	0.0	0.382162250083458	0.174564331226413	0.329699740372524	0.0
T12_CTL_B_BATCH_2	0.0527957618827847	0.0604161218768533	0.5247886714975	0.282763366659357	0.0792360780835051	0.0
T84_LPS_FC1_4	0.0840924213759158	0.234957856294586	0.338756940831369	0.0651517290582204	0.261206005597491	0.0158350468424179
K44_LPS_FC1_4	0.146707376343403	0.185513495063037	0.486555836188383	0.0326300378249333	0.140819891697694	0.0077733628825494
K10_LPS_FC1_4	0.0921019975929032	0.137563183453856	0.413103505200944	0.0203486416253671	0.302591743284075	0.0342909288428552
T13_LPS_FC1_4	0.179842961948755	0.299830935645487	0.182988647054537	0.106203664582842	0.23113379076838	0.0
T119_LPS_FC1_4	0.0927160114640162	0.135330546406862	0.548600371213841	0.103557197197565	0.0967982109509177	0.0229976627667983
T115_LPS_FC1_4	0.119694807822191	0.288774364999243	0.304793723451445	0.162033930826167	0.124703172900955	0.0
K19_CTL_FC1_4	0.0874148683296845	0.0067498739644159	0.642872136629845	0.173351536936512	0.0896115841395432	0.0
T9_LPS_FC1_4	0.0799301131220418	0.21257031344479	0.455474030791105	0.0871508905842652	0.164874652057797	0.0
T30_CTL_FC1_4	0.0536311331039075	0.10628813618347	0.295407856210724	0.333624310886626	0.211048563615272	0.0
T15_GARD_BATCH_2	0.34411836580477	0.0675810580079315	0.2738724466795	0.162113572947382	0.152314556560416	0.0
T101_GARD_BATCH_2	0.137830055500356	0.112881701111402	0.149853490904533	0.214780588372596	0.290417925265846	0.0942362388452666
K29_CTL_FC1_4	0.133546490448794	0.141906128329673	0.452988676907831	0.175183926908675	0.096374777405027	0.0
T32_GARD_BATCH_2	0.146763876840398	0.195925970385629	0.297226068971856	0.322123339114398	0.0379607446877191	0.0
T34_CTL_FC1_4	0.128145097925655	0.0504323338513412	0.411042578144821	0.17085361296207	0.235107945529897	0.0044184315862154
T120_GARD_BATCH_2	0.121047025443013	0.124652482003587	0.476421700519191	0.0785089575749429	0.189297282103189	0.0100725523560769
T15_CTL_FC1_4	0.297888366135064	0.0268092950135042	0.376054330582136	0.135124695255278	0.164123313014018	0.0
T31_CTL_FC1_4	0.255873666700917	0.0598879681892747	0.317195265367586	0.268096716941214	0.0976697913219232	0.0012765914790854
T65_LPS_FC1_4	0.0626856971968514	0.214578973667028	0.606608410446249	0.0145873156375231	0.0083428770693574	0.0931967259829905
T33_GARD_BATCH_2	0.31233205399547	0.019703474833382	0.430212312140751	0.186048659050947	0.0517034999794499	0.0
T62_LPS_FC1_4	0.177447287477324	0.222707264847954	0.26848822677763	0.0942079446958132	0.221980159034895	0.0151691171663834
K52_LPS_FC1_4	0.0939040758500738	0.18055890649326	0.539627515476198	0.0932231098897755	0.0926863922906924	0.0
T78_GARD_BATCH_2	0.109729320399723	0.301439498866034	0.305441318093108	0.0493157689379299	0.179390410447982	0.0546836832552222
T119_CTL_FC1_4	0.0749289792067488	0.0774891978833199	0.560010864692612	0.176805228840788	0.110765729376532	0.0
K1_LPS_FC1_4	0.0916104662470789	0.173065175559319	0.599975041295176	0.0429230528768131	0.0924262640216132	0.0
K6_CTL_FC1_4	0.0664337609534839	0.127934439769841	0.283794391258845	0.339479080770875	0.182358327246956	0.0
K1_GARD_BATCH_2	0.077888000595052	0.0313226367871603	0.568655098580358	0.230557020310981	0.0915772437264488	0.0
T71_CTL_FC1_4	0.045841252718455	0.112836876564807	0.308971575718514	0.315412169384473	0.216938125613751	0.0
K20_GARD_BATCH_2	0.0555721451242779	0.0443300330316625	0.490362862901459	0.34665839643303	0.0630765625095709	0.0
T77_GARD_BATCH_2	0.109494522658433	0.142748118316161	0.524479948504818	0.0272614055740435	0.190981804423639	0.0050342005229049
K23_CTL_FC1_4	0.107137280147311	0.130027710281911	0.5115934648111	0.184894479023512	0.0663470657361659	0.0
T73_LPS_FC1_4	0.293505109306623	0.264101576968825	0.190477529797936	0.034636590163494	0.178561941049046	0.0387172527140757
T40_CTL_FC5	0.262508265280772	0.164146937177514	0.136732591239552	0.292264829038158	0.144347377264004	0.0
T69_CTL_FC5	0.125451116917265	0.102943174581732	0.167861276250106	0.164917769088409	0.438826663162488	0.0
K49_CTL_FC1_4	0.0625387158831638	0.163358282816394	0.427589841271039	0.186695977999953	0.159817182029449	0.0
K44_GARD_BATCH_2	0.0865109039510652	0.0085323171822176	0.704470653366583	0.122782523428433	0.0777036020717008	0.0
T30_GARD_BATCH_2	0.0638287899302773	0.121314808078401	0.25723563941771	0.3619343004134	0.195686462160212	0.0
T107_GARD_BATCH_2	0.0391435663042549	0.126792160564141	0.480207304893409	0.251418237043922	0.102438731194274	0.0
K24_LPS_FC1_4	0.132053775104502	0.167557460368516	0.50874100332315	0.0944271701458138	0.0972205910580183	0.0
K17_LPS_FC1_4	0.0896535221809322	0.0876097805764793	0.585480974103783	0.0243774785349155	0.204250980960353	0.0086272636435375
T106_CTL_FC1_4	0.13154129592822	0.119552418016861	0.184246523119253	0.167067576364707	0.321037687516337	0.0765544990546213
T7_LPS_FC1_4	0.116764126016496	0.108167042249837	0.729948015128659	0.0357817156790244	0.009339100925983	0.0
T4_LPS_FC5	0.141841392263235	0.142692196272132	0.366855305195801	0.0482899234607094	0.270197420507911	0.0301237623002124
T14_GARD_BATCH_2	0.141113906124062	0.0603726709098262	0.46761712059888	0.183937326377407	0.146958975989825	0.0
T64_LPS_FC1_4	0.103847831631326	0.205630337220018	0.241463292566068	0.091766349640907	0.338172114010769	0.0191200749309129
K5_LPS_FC1_4	0.104792014911947	0.152250793363325	0.503139626284265	0.035152987689632	0.166658484200487	0.0380060935503445
K31_LPS_FC1_4	0.178176387991573	0.239762136754943	0.281341782329246	0.065103117609051	0.228325358971665	0.0072912163435225
K28_LPS_FC1_4	0.133327535374435	0.191725904263381	0.52627236038694	0.0892400414799208	0.0558223268692465	0.0036118316260763
K18_LPS_FC1_4	0.10406656213561	0.163632624926458	0.609985712898527	0.062851671671636	0.0173946180488633	0.0420688103189059
K2_GARD_BATCH_2	0.0	0.321769574379238	0.0821240754656597	0.596106350155103	0.0	0.0
K14_GARD_BATCH_2	0.104192580106452	0.0629523906791093	0.551464100063727	0.126864604429302	0.154526324721409	0.0
K33_CTL_FC1_4	0.094026872934674	0.223705595929841	0.419164227357334	0.134284454487102	0.128818849291048	0.0
K12_LPS_FC1_4	0.0999259979371385	0.15656689763194	0.610205305414892	0.0326625778595233	0.0879796502259644	0.0126595709305419
T10_GARD_BATCH_2	0.150485686010569	0.0862703831204387	0.393451932240796	0.327099367544894	0.0426926310833024	0.0
K24_GARD_BATCH_2	0.119237611757414	0.0779589449667299	0.549306117677259	0.193565412863205	0.0599319127353927	0.0
T106_GARD_BATCH_2	0.133015669582731	0.0894863642924384	0.254916263390219	0.185833566112542	0.17218939750315	0.16455873911892
T30_LPS_FC1_4	0.0993270349967449	0.331662529597745	0.384547508223159	0.0337050572390597	0.150757869943292	0.0
T12_CTL_FC1_4	0.0703649195230668	0.04898121694189	0.495883373553829	0.285968257639889	0.0988022323413245	0.0
T27_CTL_B_BATCH_2	0.16799345905072	0.117764989447311	0.24003845247724	0.292730919300032	0.181472179724697	0.0
T32_LPS_FC1_4	0.154118999884182	0.337116898808852	0.447393352957067	0.0412413439405584	0.0201294044093413	0.0
T109_LPS_FC1_4	0.232437694490079	0.27997329390627	0.134288506738612	0.168879023219456	0.167139515751431	0.0172819658941533
T73_CTL_FC1_4	0.246623077455731	0.0264392460604901	0.199711430379465	0.289978302855704	0.212993473706931	0.0242544695416786
T104_CTL_FC1_4	0.0152218578279302	0.0221678095484552	0.602584289462444	0.23939475844008	0.108610116000508	0.0120211687205831
K17_CTL_FC1_4	0.0717629451878828	0.0	0.61114734218028	0.112441700976591	0.203541867154871	0.0011061445003748
T3_GARD_BATCH_2	0.127832864699277	0.0067085211844765	0.507010720794361	0.159751906396655	0.19869598692523	0.0
K34_GARD_BATCH_2	0.183055988479903	0.0991547197121895	0.28621373158854	0.150615491405801	0.280960068813566	0.0
K23_LPS_FC1_4	0.126404074150076	0.194199799967177	0.42282316094919	0.134424235270388	0.122148729663169	0.0
T80_CTL_FC1_4	0.0977795817199635	0.154019856020633	0.53911568588621	0.0496419700674592	0.124365415711711	0.0350774905940237
K18_GARD_BATCH_2	0.0949068554006258	0.018036606713738	0.567461314967449	0.223043168079652	0.0851646378515395	0.0113874169869961
T71_LPS_FC1_4	0.0923021763603142	0.271893443236747	0.3332961878549	0.124896213584843	0.162017964282842	0.0155940146803535
K12_CTL_FC1_4	0.0724505004855779	0.0314581511843369	0.646143715793013	0.151696456343893	0.0982511761931792	0.0
K33_LPS_FC1_4	0.110048628865372	0.20733755295865	0.45673541907754	0.109400593431236	0.116477805667202	0.0
T74_GARD_BATCH_2	0.0537250619420633	0.109085036544383	0.294709778577334	0.29391244053077	0.240791370888712	0.0077763115167373
K26_GARD_BATCH_2	0.104065949294327	0.056875991287393	0.54344914737149	0.184949647454132	0.110659264592658	0.0
K53_GARD_BATCH_2	0.0842330502212577	0.172997784209536	0.455106151826687	0.258986312213706	0.0286767015288129	0.0
T109_GARD_BATCH_2	0.230696393493658	0.149546764852045	0.149021455907399	0.363521655801215	0.099018805009009	0.0081949249366743
T76_CTL_FC1_4	0.121105237069706	0.358810172151997	0.437938337303829	0.0349740252195044	0.0113538507390689	0.035818377515895
T36_LPS_FC5	0.182069291751546	0.334334045153498	0.415766368384136	0.0389115142772003	0.0274249824523114	0.0014937979813078
K38_LPS_FC1_4	0.0904985718094481	0.23902557606447	0.479477298069299	0.0655524824726767	0.125446071584106	0.0
K18_CTL_FC1_4	0.0720145182729012	0.0485311526891469	0.514403764270926	0.233839327637202	0.130036768354909	0.0011744687749151
K23_GARD_BATCH_2	0.110937733149916	0.134402172918995	0.491558785554426	0.182772297292482	0.0803290110841817	0.0
K30_GARD_BATCH_2	0.0976629922534277	0.199144100754348	0.538522977443906	0.128336071617034	0.028631891104786	0.007701966826498
T121_LPS_FC1_4	0.127663691841074	0.142192680674959	0.481906270772755	0.0589868855745583	0.189250471136654	0.0
K8_LPS_FC1_4	0.0910076595070329	0.124324233935021	0.546829206038997	0.0481532765491669	0.179174743121269	0.0105108808485135
T10_CTL_FC1_4	0.146796661165003	0.0557393075810563	0.408292704728095	0.31180789045534	0.0773634360705047	0.0
T73_GARD_BATCH_2	0.239203140851151	0.049375144337892	0.173712949356013	0.307533871617956	0.21781476055876	0.0123601332782281
T36_CTL_FC1_4	0.110154452324138	0.0984905783372293	0.33130641056773	0.421073541377867	0.038975017393036	0.0
T72_LPS_FC1_4	0.130349225497566	0.270375197023879	0.394084289329669	0.0481270684650558	0.107215643540718	0.049848576143112
K35_GARD_BATCH_2	0.106402789722006	0.180477105174245	0.448672660200557	0.163142098105539	0.101305346797653	0.0
K6_GARD_BATCH_2	0.0769516469172362	0.164009229186722	0.298985911722372	0.325218955281304	0.108060736239276	0.0267735206530892
K44_CTL_FC1_4	0.0875163503782952	0.002689426857362	0.715558486833705	0.114039709163574	0.0801960267670635	0.0
T8_LPS_FC1_4	0.147144045550256	0.200006512883413	0.322501864980365	0.0605096074221591	0.260207179848518	0.0096307893152904
T28_GARD_BATCH_2	0.191846520379435	0.0783072743747445	0.301252467450808	0.396686040850044	0.0134638912337219	0.0184438057112466
T13_CTL_FC1_4	0.15142269761128	0.221040976982075	0.127009936542953	0.286978030423876	0.213548358439816	0.0
T65_GARD_BATCH_2	0.0472192733651061	0.0860936787894413	0.528018873917314	0.18987363280067	0.110182061152001	0.0386124799754667
T32_CTL_FC1_4	0.136170689675181	0.146233965612966	0.306888666158282	0.349055941925888	0.0616507366276824	0.0
K29_GARD_BATCH_2	0.137566767832571	0.167612396503949	0.511334083412209	0.134470252839518	0.0490164994117525	0.0
T46_CTL_FC1_4	0.181322396426426	0.0	0.416814874270062	0.207750814069115	0.190867864131465	0.0032440511029314
T78_LPS_FC1_4	0.108897622238299	0.329283633661481	0.29365054870805	0.0453159342542199	0.141140654012383	0.0817116071255677
T14_LPS_FC1_4	0.117459388488662	0.163384838536109	0.519242175857467	0.0671612197988082	0.132752377318954	0.0
K37_LPS_FC1_4	0.0731119010438116	0.289013156282187	0.437826670784123	0.128972687016351	0.0710755848735267	0.0
T80_LPS_FC5	0.12035006646322	0.22988987959771	0.452229771899721	0.0595145626977712	0.112245546714804	0.0257701726267737
T28_LPS_FC1_4	0.211231258629417	0.301206382680719	0.363615964799115	0.0685241587175215	0.0323461533786408	0.0230760817945864
K11_CTL_FC1_4	0.142848277536166	0.144601034972701	0.440054897760617	0.0638082411135751	0.192987244719165	0.0157003038977759
T65_CTL_FC1_4	0.0125325192545075	0.0404324284366249	0.615863330061511	0.196671219286055	0.0502443282363687	0.084256174724933
K19_GARD_BATCH_2	0.0964957403762375	0.0076525349071099	0.634567351698379	0.162845721932048	0.0984386510862258	0.0
K22_GARD_BATCH_2	0.100047110086573	0.0575838361743006	0.466083509828078	0.212458696600265	0.163826847310783	0.0
T113_CTL_FC1_4	0.0477031442200214	0.0817028045553173	0.304138346309742	0.280133199462333	0.286322505452587	0.0
T121_CTL_FC1_4	0.123596224117904	0.131980310821999	0.516458585918141	0.0605488726500528	0.163941306591299	0.0034746999006042
T35_CTL_FC5	0.0982534573552687	0.0510801207708551	0.502272658816948	0.238623451108715	0.109770311948213	0.0
T36_GARD_BATCH_2	0.151140384056395	0.201533318138482	0.228954746449146	0.332003721388042	0.0863678299679354	0.0
T102_LPS_FC1_4	0.11967645851043	0.186568696660064	0.305583785635336	0.0411565077996608	0.345248647923032	0.0017659034714775
T43_GARD_BATCH_2	0.173109333343495	0.0933624366546181	0.200246273660771	0.312897259157526	0.22038469718359	0.0
T5_GARD_BATCH_2	0.041439451613992	0.0174784907382426	0.628210606406857	0.232938506538159	0.0789188863019813	0.0010140584007681
T13_GARD_BATCH_2	0.187112703664808	0.192527492666806	0.142317482343387	0.287110684240917	0.190931637084082	0.0
T113_GARD_BATCH_2	0.0426896228759514	0.122757905746704	0.288560805200772	0.288780458619797	0.257211207556775	0.0
T70_GARD_BATCH_2	0.0574085521895273	0.172407866296296	0.383123289581025	0.217611253730107	0.15849952064267	0.0109495175603753
T18_CTL_FC1_4	0.141163406663644	0.0255229529348019	0.479870391066921	0.174404858442091	0.179038390892542	0.0
T62_CTL_FC1_4	0.149942004614131	0.0761154516805564	0.240036492532928	0.268276411392568	0.265629639779816	0.0
K52_CTL_FC1_4	0.0673217005754884	0.160075960714161	0.555063243690489	0.125916897195473	0.0916221978243889	0.0
T84_CTL_FC5	0.0679655427190203	0.0955210535328496	0.323661567085099	0.210622582975722	0.288079524206515	0.0141497294807944
T75_LPS_FC1_4	0.108593044969141	0.249520862788798	0.452696477164616	0.0750260259885886	0.0796646335555264	0.0344989555333299
T109_CTL_FC1_4	0.196684389996075	0.198980770186465	0.0974970758839827	0.342385332800412	0.16374327109738	0.0007091600356853
T18_GARD_BATCH_2	0.156490594811966	0.0357002877288479	0.417872054196469	0.234767509471382	0.155169553791335	0.0
K11_LPS_FC1_4	0.131255094762782	0.114720360129668	0.463282075125938	0.0562262877819801	0.209035219477332	0.0254809627223001
T28_CTL_FC1_4	0.140725949601562	0.0917884288565118	0.29513010834594	0.35475671232923	0.117598800866756	0.0
T117_LPS_FC1_4	0.124829582215319	0.247333446224522	0.312441316627262	0.0987182957950712	0.216677359137826	0.0
T47_CTL_FC1_4	0.152772049119544	0.137524044543882	0.218242642052317	0.266194389033595	0.206547217319979	0.0187196579306835
T27_CTL_FC1_4	0.178502198910289	0.0634363297575419	0.257832146389569	0.346808582942944	0.153420741999655	0.0
K24_CTL_FC1_4	0.116096150830817	0.0787904257879299	0.505194708250813	0.218956494009418	0.0809622211210222	0.0
T34_LPS_FC1_4	0.140125264522532	0.195802924914975	0.369826000511979	0.0515725473121905	0.223592136861538	0.0190811258767852
T47_GARD_BATCH_2	0.161306566696297	0.162879290461522	0.226456461213527	0.219969509029191	0.229388172599463	0.0
K27_CTL_FC1_4	0.159093535913743	0.066995919557173	0.361092374507758	0.306357102387639	0.106461067633687	0.0
T72_GARD_BATCH_2	0.0889883080135807	0.102898721888711	0.35342785947362	0.300439821517728	0.154245289106361	0.0
K22_CTL_FC1_4	0.097954529374054	0.0360320001622028	0.495149602185934	0.210742020147397	0.160121848130412	0.0
K13_GARD_BATCH_2	0.0903173364147939	0.139935950805904	0.195916830104791	0.252077393630515	0.207726427903259	0.114026061140737
K34_CTL_FC1_4	0.15270765849018	0.0973815886658645	0.252762388387438	0.19433944850639	0.302808915950128	0.0
T41_GARD_BATCH_2	0.184880834046805	0.0503558049538851	0.445394713862728	0.182761469393796	0.130238545080747	0.0063686326620385
T106_LPS_FC1_4	0.133510977581146	0.223843696032339	0.305956153565317	0.0490396157050373	0.186220729331396	0.101428827784765
K10_CTL_FC1_4	0.0843476779238847	0.145966370094216	0.416760345358037	0.0207615748761734	0.2971742404682	0.0349897912794886
T115_CTL_FC5	0.107298747337483	0.068307416271118	0.286120242366377	0.417371846189117	0.120901747835905	0.0
K28_CTL_FC1_4	0.105933032029087	0.0558259860755556	0.570486042640529	0.229895083451016	0.0318511905041579	0.0060086652996539
K15_GARD_BATCH_2	0.0977840356945221	0.125331206790606	0.390512109685386	0.167381494415177	0.218991153414309	0.0
T104_GARD_BATCH_2	0.0558106288900686	0.144132908963401	0.558394973796418	0.105172028545154	0.136489459804958	0.0
K28_GARD_BATCH_2	0.118484134369894	0.19635974083851	0.480622917948802	0.131813186019285	0.066749645552253	0.0059703752712556
T63_CTL_FC1_4	0.0203586434199859	0.154971445031523	0.163585021723931	0.242089662033165	0.386128073545099	0.0328671542462962
K5_CTL_FC1_4	0.0707340758534979	0.0298812524559509	0.528428449168407	0.155968078784174	0.19148981471211	0.0234983290258604
T81_CTL_FC1_4	0.222106730696552	0.193965388866848	0.341093100030141	0.128696467032529	0.11413831337393	0.0
K14_LPS_FC1_4	0.112963763106404	0.120720571694661	0.65468285466819	0.0254871152308136	0.0732198206121912	0.0129258746877396
T7_CTL_FC1_4	0.0973377773983839	0.0196980651194405	0.734407967273188	0.106347426632841	0.0422087635761467	0.0
K30_LPS_FC1_4	0.118435018041976	0.207510827434648	0.497819363310436	0.0943609840464754	0.077232196653838	0.0046416105126256
K7_LPS_FC5	0.1067017418697	0.323548855512373	0.427749860418814	0.10432157052193	0.0212292956044608	0.0164486760727229
T31_GARD_BATCH_2	0.261422307560988	0.0546433028081462	0.287754469467828	0.299679122372091	0.0965007977909463	0.0
T113_LPS_FC5	0.0925098141199185	0.230861075150466	0.370705850141561	0.0316898796207129	0.256375980262052	0.0178574007052896
K53_CTL_FC5	0.0439864316546261	0.134117063484034	0.479056061242094	0.293506613844123	0.0493338297751228	0.0
K33_GARD_BATCH_2	0.101885561186396	0.208068097729151	0.463670245761097	0.1370132955418	0.085170604621044	0.0041921951605123
K17_GARD_BATCH_2	0.0836117886645007	0.0002700757101236	0.629110630925521	0.101154490610937	0.182967451972425	0.0028855621164926
K27_LPS_FC1_4	0.161567419365532	0.223233860988902	0.380072038616898	0.130380133700431	0.104746547328237	0.0
K46_GARD_BATCH_2	0.0703901941920768	0.201372625507221	0.43501310462324	0.138189953976224	0.15381465715722	0.001219464544018
T102_CTL_FC1_4	0.0948267458858275	0.044731972179594	0.297063752490738	0.165569305824091	0.39780822361975	0.0
T12_LPS_FC1_4	0.0913446774312636	0.212476098778411	0.634597108799942	0.0243842676372097	0.0371978473531738	0.0
T75_GARD_BATCH_2	0.063573438169045	0.143553593120598	0.509628257802463	0.201759962725651	0.0383561703238194	0.0431285778584229
T12_GARD_BATCH_2	0.0729762858042074	0.0694401283494379	0.524751444773601	0.2559082444406	0.0769238966321543	0.0
K26_LPS_FC1_4	0.128235500124015	0.192463200187396	0.508368067595903	0.0487935566479951	0.122139675444691	0.0
T6_LPS_FC5	0.240623135656427	0.0945612862482706	0.397879271059277	0.0226004270051108	0.181859417471099	0.0624764625598164
T64_CTL_FC1_4	0.0660045721156311	0.118071078283312	0.159311283983471	0.220501706134377	0.436111359483209	0.0
K38_CTL_BATCH_2	0.0426543414471896	0.0583355401855809	0.480187754893211	0.248260843489466	0.170561519984552	0.0
T110_GARD_BATCH_2	0.122095814489372	0.0254140639904573	0.56681606062087	0.205045368362294	0.0806286925370068	0.0
K9_GARD_BATCH_2	0.0917968444495656	0.151485090982251	0.297570926272448	0.22825146408822	0.230895674207514	0.0
T79_CTL_FC1_4	0.0569195994243845	0.328418228275748	0.427265532735145	0.0840945031515639	0.0267572567940565	0.0765448796191025
K8_GARD_BATCH_2	0.0723346443490298	0.0011795270933595	0.625346244781802	0.150414148538168	0.132243392567355	0.0184820426702848
T84_GARD_BATCH_2	0.0596537243323301	0.155028831141649	0.327460451465968	0.158547317837706	0.299309675222347	0.0
K19_LPS_FC1_4	0.108078655677649	0.127656404996544	0.664821581246988	0.0448685389615127	0.0421631317259949	0.0124116873913114
K50_LPS_FC5	0.11002966968382	0.226967110984779	0.412521945314867	0.0665172458887859	0.183768221764887	0.0001958063628618
T27_LPS_FC1_4	0.235051925225729	0.237316571784198	0.292806828174455	0.0742766706566686	0.135706531466442	0.0248414726925069
T115_GARD_BATCH_2	0.148451724866338	0.0963550372558526	0.32677369533869	0.381684118906131	0.0467354236329886	0.0
K29_LPS_FC1_4	0.160011043592095	0.177513831672512	0.468280354082532	0.093717440914038	0.100477329738824	0.0
T40_GARD_BATCH_2	0.278601267769107	0.165488993692815	0.0971123853896424	0.364608807923206	0.0941885452252293	0.0
K30_CTL_BATCH_2	0.0883726206760683	0.0667340171826034	0.587135870033761	0.220209788276821	0.0263707431487001	0.0111769606820454
K46_CTL_FC1_4	0.0906584650720255	0.198527278543462	0.444243112232855	0.13941390036585	0.112673210107938	0.0144840336778698
T9_CTL_FC1_4	0.0660384951829524	0.231194191803907	0.389910234683541	0.133273619387252	0.179583458942347	0.0
T76_LPS_FC1_4	0.119108717415754	0.310099013284506	0.471470787159157	0.0306234290678999	0.0281702732176517	0.0405277798550311
T77_LPS_FC1_4	0.0973933842317097	0.130811199949121	0.490491861047116	0.0416672868113104	0.239636267960743	0.0
K32_GARD_BATCH_2	0.0556415769713779	0.127512291588566	0.526804367165972	0.273751172485948	0.0162905917881361	0.0
K38_CTL_FC1_4	0.0371514315102381	0.0310280963493803	0.482194098063884	0.284524042793756	0.165102331282741	0.0
K26_CTL_FC1_4	0.112814950075076	0.0216478127214582	0.499347596520999	0.240145734264605	0.126043906417862	0.0
T14_CTL_FC1_4	0.1205227025506	0.0272006522348017	0.502560436701381	0.197232026729021	0.152484181784196	0.0
T28_CTL_BATCH_2	0.134390424630406	0.0890259465626025	0.301814998750998	0.370471607118304	0.10429702293769	0.0
T10_LPS_FC1_4	0.187952522122193	0.218010631309609	0.471290234525409	0.0588374904576136	0.0639091215851746	0.0
T8_CTL_FC1_4	0.112712092275181	0.0666892488563267	0.253364009633262	0.216400881845765	0.350833767389465	0.0
K51_GARD_BATCH_2	0.0527810559709648	0.15625740941313	0.459398238514352	0.257413177936065	0.0741501181654882	0.0
T46_LPS_FC1_4	0.17624901705348	0.183545152105912	0.417251299929476	0.0448417029591868	0.142397247506024	0.0357155804459204
K51_LPS_FC1_4	0.105847635020878	0.252565601415438	0.530202025926584	0.0644850117384282	0.0432974274730224	0.0036022984256485
T72_CTL_FC1_4	0.0947895122306021	0.0729595445869174	0.378738143015212	0.27411812265765	0.175633095246165	0.0037615822634539
K6_LPS_FC5	0.0577922080662514	0.378740189404487	0.260818518922759	0.168512890579982	0.10146235754291	0.03267383548361
T50_LPS_FC5	0.311713033978936	0.256596086663985	0.240657471138552	0.0192641180338933	0.103819671033692	0.0679496191509419
T81_GARD_BATCH_2	0.228496206140695	0.18314094532586	0.366400344882433	0.0958658424730787	0.126096661177933	0.0
T5_LPS_FC5	0.0801393154889074	0.133287290451424	0.590424176400945	0.0495441149675007	0.146605102691223	0.0
T101_CTL_FC5	0.118030909334148	0.0703860359961748	0.169725199941995	0.227455037989082	0.318359858445923	0.0960429582926776
K7_CTL_FC5	0.0289135503493933	0.302665935735836	0.32995538187152	0.28909983090624	0.0216638307429016	0.0277014703941095
T119_GARD_BATCH_2	0.0710582259820317	0.0625861433314636	0.525261480395679	0.208230048580122	0.132864101710704	0.0
K46_LPS_FC1_4	0.103828479357699	0.221730812627013	0.433293323223149	0.0991952609275069	0.139277277617161	0.0026748462474716
K15_CTL_FC1_4	0.107416902087257	0.100204003720192	0.349896441809304	0.161237174494408	0.281245477888839	0.0
T6_GARD_BATCH_2	0.229566838944701	0.0175051110621047	0.296691342029059	0.144616987102006	0.227225004335493	0.0843947165266364
K15_LPS_FC5	0.237777713315873	0.213591797182045	0.342966158548019	0.0669622949739528	0.13870203598011	0.0
T15_LPS_FC1_4	0.341319634264108	0.176192731369613	0.294536782120554	0.0362471629346197	0.151703689311107	0.0
T27_GARD_BATCH_2	0.213504995140743	0.101435648142853	0.26744304223212	0.308673421345552	0.0852862238688999	0.0236566692698317
T112_LPS_FC1_4	0.0874759278819682	0.285918684837342	0.516056288236309	0.0481385559299196	0.0529926479466333	0.0094178951678279
K49_LPS_FC1_4	0.0894908840550096	0.208516859454757	0.46317522473065	0.0898511291159925	0.14896590264359	0.0
K30_CTL_FC1_4	0.0881258907311876	0.0629169521783342	0.568374577319736	0.231841265185597	0.0476441671690588	0.0010971474160865
T47_LPS_FC1_4	0.139176199737386	0.423564088454299	0.260014817821085	0.0489756400031802	0.0856670946591443	0.0426021593249052
T6_CTL_FC5	0.203733432832814	0.0139499938561021	0.425604289638237	0.0723615539627665	0.228331538553807	0.0560191911562722
K51_CTL_FC1_4	0.063111909146183	0.14325294807443	0.478386437164936	0.237788476698416	0.0774602289160356	0.0
T75_CTL_FC1_4	0.0687072833694813	0.0991053805234055	0.465551680719639	0.267588075562716	0.0669585422322503	0.0320890375925086
K32_CTL_FC1_4	0.0608332330717635	0.133160197826553	0.579885027907365	0.223985776897362	0.0	0.0021357642969569
K22_LPS_FC1_4	0.109837846528841	0.154818155659518	0.471660055502241	0.0864367975572331	0.177247144752167	0.0
K27_GARD_BATCH_2	0.173887370462325	0.0962000176882389	0.325016351345212	0.320228415583953	0.0846678449202718	0.0
T117_CTL_FC1_4	0.129708422701617	0.21841895893553	0.226230442427182	0.163039459213404	0.262602716722268	0.0
T71_GARD_BATCH_2	0.0708396890251591	0.139525292091839	0.344777555175924	0.263699785401338	0.18115767830574	0.0
T3_CTL_FC1_4	0.115944518734436	0.0204232340996978	0.534824253660599	0.141379810410592	0.187428183094675	0.0
T70_CTL_FC5	0.0598876820908424	0.102003544775929	0.332863339922529	0.21466839138292	0.276561800787755	0.0140152410400242
T35_LPS_FC1_4	0.112827421161044	0.223336951300863	0.577699904726819	0.0271648382576561	0.0589708845536179	0.0
T18_LPS_FC1_4	0.189815527506663	0.168145190485985	0.418955162751952	0.0445984787183634	0.178485640537036	0.0
K31_GARD_BATCH_2	0.153380196555421	0.258703668759657	0.314008209749358	0.0823102426371675	0.145320731781862	0.046276950516534
K8_CTL_FC1_4	0.0677477801071596	0.0061085049957227	0.611086646985266	0.159094036379032	0.121214151350016	0.0347488801828032
K47_CTL_FC1_4	0.0641492147119169	0.237416430299279	0.314472082181281	0.178862749652848	0.205099523154675	0.0
K14_CTL_FC1_4	0.106563785214036	0.0264573234720442	0.623577541004444	0.130351557540664	0.112365068915411	0.0006847238534014
T120_CTL_FC1_4	0.0835010394055496	0.0918030614136225	0.457677638188068	0.0783114027062264	0.261735943474856	0.0269709148116776
T112_CTL_FC1_4	0.0172315464269624	0.0606444707873055	0.40712710464419	0.420897082336823	0.0940997958047184	0.0
T79_LPS_FC5	0.0851500990931778	0.335934118906957	0.379603474009801	0.0695757418952798	0.104843237515605	0.0248933285791803
T112_GARD_BATCH_2	0.0393833652211064	0.137777380470149	0.371662212665738	0.350411477815877	0.100765563827129	0.0
T101_LPS_FC1_4	0.128839335459184	0.26538510793634	0.185980963502886	0.0621788973134	0.267864853734975	0.0897508420532153
T46_GARD_BATCH_2	0.205801843313683	0.0156799338482974	0.425102711920214	0.176047140796527	0.172499615900697	0.0048687542205815
T69_LPS_FC5	0.140915046861853	0.258806442356155	0.252740237380338	0.0396193881393526	0.307918885262301	0.0
T70_LPS_FC1_4	0.0924901203100666	0.196972578222037	0.408106047252212	0.120849126641331	0.153239251795015	0.0283428757793373
K10_GARD_BATCH_2	0.112509172206204	0.139639261517217	0.432379030681638	0.019962348592954	0.258317369519319	0.0371928174826683
K37_CTL_FC1_4	0.0879059183398757	0.253028562249578	0.356508626762988	0.228176270436092	0.0691778337050557	0.0052027885064111
T5_CTL_FC5	0.0634829282395007	0.0322940754044803	0.666536969825516	0.152316759273683	0.0853692672568201	0.0
K53_LPS_FC1_4	0.107929172575008	0.279207163872421	0.537801933958233	0.0700590973728491	0.0017468530300457	0.003255779191443
T120_LPS_FC5	0.0756936070282321	0.122282753893427	0.502534022569423	0.0392951077365098	0.222569538469315	0.0376249703030931
K7_GARD_BATCH_2	0.0786581494361975	0.264445311292949	0.303437395862567	0.287321155704104	0.0661379877041822	0.0
K12_GARD_BATCH_2	0.0808255569258967	0.0514414348303909	0.663496159845974	0.124533503371412	0.0754811508453545	0.0042221941809713
T35_GARD_BATCH_2	0.122654605779856	0.045570158722633	0.468981239982583	0.251951032544919	0.110842962970008	0.0
K50_CTL_FC1_4	0.0728934578922772	0.0466317451142367	0.490619004063906	0.248178795112768	0.141676997816813	0.0
