	Bcells	Monocytes	CD4Tcells	Unknown	CD8Tcells	NK
X2_D0	0.177664390229916	0.0732569417241248	0.086141822664542	0.409667404001717	0.016603928720806	0.236665512658894
X4_D0	0.176687262735265	0.0718398646764063	0.0838243557637701	0.398398714989096	0.0149358641366674	0.254313937698795
X5_D0	0.169930449333377	0.0871945131327395	0.0895642627797655	0.403479680885536	0.0094157906011796	0.240415303267403
X6_D0	0.172809515041207	0.0800331897886987	0.0852774031018388	0.411341657331905	0.0125898771638479	0.237948357572503
X8_D0	0.183094760237043	0.0737898153341786	0.0943665308212082	0.402686990174621	0.0076684013513089	0.23839350208164
X10_D0	0.184618869553145	0.0743432976773906	0.0893811667285227	0.407856980085716	0.0094251211834828	0.234374564771743
X11_D0	0.179943829393321	0.0799571762284452	0.0910537560752802	0.400934740284916	0.014861817570203	0.233248680447834
X12_D0	0.174696755142489	0.0718134394798532	0.0850096615850836	0.416470236117399	0.0169947529480934	0.235015154727082
X13_D0	0.173065838190844	0.0792794777510329	0.091203556025988	0.425823201879823	0.0049182725177218	0.225709653634591
X14_D0	0.169864103468734	0.0734384510132506	0.0884939923196686	0.414614217061394	0.0108884792357917	0.242700756901162
X15_D0	0.180998718681754	0.0809047152091372	0.0926945531222191	0.398006715101731	0.008078525757841	0.239316772127318
X19_D0	0.169998793191613	0.075074171728456	0.0695566609032001	0.423203741691827	0.0135755905284388	0.248591041956465
X20_D0	0.171853242638091	0.0751718238359351	0.0909166847724108	0.406619917195821	0.0142216458752791	0.241216685682462
X23_D0	0.17741786707051	0.0733628313416079	0.0927594363442707	0.40766036530632	0.0151518072700547	0.233647692667237
X24_D0	0.182342204112147	0.0754692178412385	0.103135522390295	0.41307475002579	0.0099315420080876	0.216046763622443
X27_D0	0.17358851533999	0.0854223298426322	0.0857877443435232	0.40072521935049	0.0197621926511721	0.234713998472192
X29_D0	0.172504611895311	0.082503463677578	0.0823532252946332	0.411501115184435	0.0156757090565653	0.235461874891478
X31_D0	0.173477984988814	0.0706823454981954	0.0971140656371553	0.403458903762797	0.0141199207166149	0.241146779396423
X32_D0	0.181885145147548	0.0698543155098779	0.0850316901979915	0.415014605107058	0.0127823877768796	0.235431856260645
X33_D0	0.171861642437459	0.0709679844821506	0.0809473334964472	0.416011787789427	0.0142241676624132	0.245987084132103
X35_D0	0.178880086630783	0.0756995976136078	0.0881193838801321	0.399204471716748	0.0118940493844936	0.246202410774235
X36_D0	0.173168977843606	0.0852448059238268	0.0885847118549009	0.407342114918804	0.0105052842995734	0.235154105159288
X38_D0	0.17985753643752	0.0724997101252291	0.0866651105860872	0.409317199205664	0.0120741383495884	0.23958630529591
X39_D0	0.173538873480229	0.0796356780725174	0.0846472010481713	0.41340196666723	0.0120660465822081	0.236710234149644
X40_D0	0.175394684546205	0.0735684552819615	0.0972243310853995	0.407097824877812	0.0119716232603481	0.234743080948274
X42_D0	0.174838925510715	0.0764613301563911	0.0865038494364943	0.403122881287174	0.0156030146146822	0.243469998994544
X44_D0	0.17583730223765	0.082202325692565	0.0767817586975575	0.413294684103811	0.0088617541371898	0.243022175131227
X45_D0	0.174178934235072	0.0826216459540625	0.0794085824722104	0.410429706785565	0.0167225420884042	0.236638588464685
X46_D0	0.173727939881077	0.0814513102874727	0.0848206296904914	0.403619891124142	0.0103577067985873	0.24602252221823
X48_D0	0.178071483822625	0.0791681621816945	0.0841982492424742	0.403362494734574	0.0119732996586505	0.243226310359981
X49_D0	0.174506542181756	0.0810152151849117	0.0785043988237589	0.400375358196491	0.0192683522587945	0.246330133354289
X50_D0	0.178916382699114	0.0826470975174119	0.102912339840226	0.39874990791902	0.0042105603855908	0.232563711638637
X51_D0	0.18042796118124	0.0790163325191436	0.104957377617689	0.396174895114862	0.0076487587066738	0.231774674860391
X52_D0	0.180798463195772	0.0750345681406211	0.0990042144341424	0.407431247010205	0.0093755566120682	0.228355950607191
X53_D0	0.181142779849977	0.0740284295414593	0.101487955995632	0.40512071898711	0.0106394585802637	0.227580657045558
X54_D0	0.18087080555775	0.0773013525791065	0.105352441909246	0.398069235150743	0.0129039262416561	0.225502238561498
X55_D0	0.182675823935915	0.0766166590898742	0.0943003649309411	0.409096893548927	0.0099728790542754	0.227337379440067
X56_D0	0.172903152715222	0.0821346932610653	0.0928414760450015	0.401598251439251	0.0120193313615422	0.238503095177918
X57_D0	0.181462720441097	0.0732434832519997	0.0901589048706119	0.407973186270114	0.0141537925727652	0.233007912593411
X58_D0	0.17082812523075	0.0858381969849738	0.092988094143518	0.410237735049694	0.0103987429996822	0.229709105591382
X59_D0	0.175325862564021	0.0758487356387171	0.0871169889646576	0.407386632679656	0.0103150629451927	0.244006717207756
X60_D0	0.175824164466193	0.0763241729772599	0.0994367491956605	0.395545755173458	0.0163583275910885	0.23651083059634
X62_D0	0.177034312298244	0.0737695318518166	0.0889456461298376	0.404602178835597	0.0159336549443505	0.239714675940154
X63_D0	0.179230448864337	0.0801493137675288	0.0846865573809899	0.405091296646123	0.0131269379105038	0.237715445430517
X64_D0	0.175819989634782	0.0780404507222165	0.09114142604294	0.407779040806955	0.007859331970913	0.239359760822193
X67_D0	0.17199865146482	0.0751175474471976	0.0877035152147463	0.410841193576166	0.0140675161158011	0.240271576181268
X68_D0	0.175322469321087	0.0805437424482908	0.0894351000956142	0.418861446179964	0.0099995887947211	0.225837653160322
X69_D0	0.180565682204465	0.0684724891156934	0.0988525771185549	0.404474750391668	0.0102919315685394	0.237342569601079
X70_D0	0.175365529297223	0.0796062555025762	0.0917459706939105	0.419683648945995	0.0088463598254312	0.224752235734864
X71_D0	0.171555998597214	0.0783660084244642	0.0945924661867933	0.407582035675559	0.0071800581212328	0.240723432994737
X73_D0	0.174327401825476	0.0729620581568567	0.0923067136881594	0.416639486199526	0.0155142544988162	0.228250085631166
X74_D0	0.177102380758628	0.0736827566629612	0.0945192958998441	0.416272371839325	0.0101931774085953	0.228230017430646
X75_D0	0.178939898375886	0.0798192581070469	0.0985382349842319	0.409195062598209	0.0065650686409451	0.226942477293681
X76_D0	0.17633532308208	0.0762172947763763	0.0995100349453175	0.396249765515307	0.0155972177693884	0.236090363911531
X77_D0	0.176157951950927	0.0778419380358208	0.0889965544785662	0.413365839233448	0.0131099569360026	0.230527759365235
X78_D0	0.179066894767844	0.0858326144999119	0.0818082585040975	0.417477893046234	0.0097098713000161	0.226104467881896
X79_D0	0.174377590686941	0.0751318984870144	0.0926219757805132	0.420833008310668	0.0082448002431867	0.228790726491678
X80_D0	0.179263074770502	0.0798123211017397	0.0985081294936108	0.399632266823184	0.0118955684260628	0.230888639384901
X81_D0	0.174526341239808	0.0744162069622156	0.106332229074433	0.411304968718778	0.0074797891737383	0.225940464831027
X83_D0	0.180834796338887	0.0709716541758946	0.102498020978267	0.408346944784545	0.0102895537890856	0.227059029933322
X84_D0	0.184828732365721	0.0776549413544318	0.0862800333831885	0.408504075014202	0.0127956624105703	0.229936555471886
X85_D0	0.179133200667642	0.078673184593421	0.0920021813159927	0.40448329137103	0.0099204638528566	0.235787678199058
X86_D0	0.181340727151212	0.0694492661072026	0.096159427087747	0.408892223761771	0.0097542604111322	0.234404095480935
X87_D0	0.177096124765155	0.0817677069527405	0.0847156205140016	0.407077574416914	0.0070771487764515	0.242265824574737
X90_D0	0.171188270599262	0.0827330952205896	0.0898261284547731	0.41298369549375	0.005695547333759	0.237573262897865
X91_D0	0.17880114103472	0.0835566194649042	0.0892234772785182	0.40432717819798	0.0138207766477489	0.230270807376129
X92_D0	0.170259526637764	0.0838276940919506	0.0820714338273232	0.41115658031342	0.0138507026187691	0.238834062510773
X93_D0	0.176314256012664	0.0819575715602614	0.0862783051827218	0.409737127206981	0.0104867788449762	0.235225961192396
X94_D0	0.179836363160124	0.0870979894125126	0.0863823475603892	0.403257616917869	0.0133178507710697	0.230107832178036
X95_D0	0.168705655557944	0.0538725255044938	0.0906875129268647	0.413765008789752	0.0158105328194539	0.257158764401491
X96_D0	0.171127480228149	0.0852927546605984	0.0853395538986732	0.395208009476132	0.0146465673029504	0.248385634433496
X99_D0	0.173692738766831	0.0841961525507256	0.088844329732503	0.400907015399405	0.0098061759152177	0.242553587635317
X100_D0	0.173121348286035	0.0755596749214058	0.0873033609686997	0.404594257244048	0.0139268755666516	0.24549448301316
X102_D0	0.167341783591072	0.0794371898526817	0.0879087183786604	0.410201233959761	0.0114641104251737	0.24364696379265
X104_D0	0.172418239810191	0.0861286498750257	0.0818886183203424	0.407411496637815	0.0157031694521216	0.236449825904505
X105_D0	0.17444974311773	0.0853913206857016	0.0799513673451755	0.408785774947153	0.0181976648086142	0.233224129095626
X107_D0	0.17808930021298	0.0831651326161904	0.0877355510709836	0.405014115422258	0.008902144019819	0.237093756657769
X108_D0	0.176421584450746	0.0701363188109581	0.0923857763932669	0.41253495336125	0.0163224013435298	0.23219896564025
X116_D0	0.169890633270627	0.0849726735968074	0.0850076873311847	0.407323877777264	0.0141084809440927	0.238696647080024
X118_D0	0.17558190710164	0.0769386072360352	0.0874068869723396	0.407489743096366	0.0120328644053764	0.240549991188242
X119_D0	0.174789042005787	0.0744785367686024	0.0876795954593119	0.413717232819969	0.0080426190382147	0.241292973908115
X122_D0	0.172736077727832	0.0822269390989783	0.0838372773691904	0.408236958737307	0.0114483164175687	0.241514430649124
X123_D0	0.179232311912538	0.0875669418279034	0.0841152271999189	0.402811254649624	0.0110601269621235	0.235214137447892
X124_D0	0.178690468925414	0.0755102555322869	0.0960326441875513	0.399492377685497	0.0078761430093339	0.242398110659918
X125_D0	0.173250528351753	0.080821976455258	0.0782701774840624	0.417861199771821	0.0206321019248924	0.229164016012213
X126_D0	0.173079452338372	0.0799045113076303	0.0821221658896739	0.409613512402724	0.0159157353822176	0.239364622679382
X128_D0	0.17809991800336	0.0873451846265338	0.0859480831718464	0.411553083657591	0.0094856550118441	0.227568075528825
X129_D0	0.1735147384998	0.0780670834530145	0.0839930805188183	0.414322960036828	0.0150310249180398	0.235071112573499
X132_D0	0.171232124525315	0.0746533841802759	0.0863511593966324	0.415034152671538	0.0126625300457216	0.240066649180517
X135_D0	0.175982633810725	0.0737695416435765	0.0902200569967758	0.409932093363305	0.0146435674898799	0.235452106695738
X136_D0	0.178676986725951	0.0703633712817915	0.0840895827662908	0.413432665477866	0.0155579703217441	0.237879423426357
X137_D0	0.177712005028159	0.0817094633694915	0.0874118389276493	0.408101573820322	0.0127007661875427	0.232364352666835
X138_D0	0.17093964112296	0.0859918678030601	0.0927127272151675	0.415556542704507	0.008876517821526	0.225922703332779
X139_D0	0.177981079161573	0.0732607125010583	0.0900843235905463	0.413039220201013	0.0091717925045387	0.23646287204127
X142_D0	0.175220989025011	0.0791279957411289	0.086967274115093	0.408561370964328	0.0160808306912195	0.23404153946322
X143_D0	0.176410664746886	0.0771066728096646	0.0982124060660667	0.403780895370297	0.0054558959331053	0.23903346507398
X144_D0	0.180769043166816	0.0809927026185342	0.0883184128827736	0.402815966070363	0.011104978304837	0.235998896956676
X145_D0	0.175070892422631	0.0856652719750248	0.0778235911396926	0.411457641073056	0.0119376580032483	0.238044945386348
X146_D0	0.177521174591336	0.0735891058110305	0.0858492226349198	0.41151821526502	0.0132172221090002	0.238305059588694
X147_D0	0.174174085846044	0.0821850731539635	0.0885389197196195	0.412332800298648	0.012832362677606	0.229936758304119
X149_D0	0.175743045497259	0.0783158322069777	0.0851476053574109	0.401767330515689	0.0171118571053422	0.241914329317321
X150_D0	0.178818921641522	0.0759528531538256	0.0883986943419099	0.404089929152723	0.0113367964138704	0.241402805296149
X152_D0	0.177857449296659	0.0811272621274715	0.0888446855225342	0.397646396746772	0.0156108235438828	0.238913382762682
X153_D0	0.168160650029877	0.092988141384241	0.0920407175103765	0.403370436481576	0.0122082797246686	0.231231774869261
X154_D0	0.177725172900237	0.0838542211431514	0.0840960985652357	0.404145973700277	0.0188011602618247	0.231377373429275
X155_D0	0.1732236962777	0.0819634748623286	0.0768440899268607	0.412818757836669	0.0137193604158411	0.2414306206806
X160_D0	0.17719809687007	0.0809803419898337	0.0828101165092846	0.400114706668611	0.0206199326111557	0.238276805351045
X161_D0	0.17166938178448	0.0889372890637928	0.0962402597502433	0.39718682866136	0.0132924917103072	0.232673749029816
X165_D0	0.170978515678257	0.0858872683524434	0.0874166136264732	0.406331431411579	0.0041299363216768	0.24525623460957
X167_D0	0.176557246158125	0.0831357530310249	0.0986726082090627	0.402560899654795	0.0074868999021964	0.231586593044796
X168_D0	0.173883892136733	0.0837374386371198	0.0885080320579087	0.408963795308311	0.0128433181404459	0.232063523719481
X169_D0	0.174639478868075	0.076061149768948	0.0833112647256133	0.4201836864467	0.0105258960037861	0.235278524186878
X170_D0	0.175435089152806	0.0723384204311199	0.0896220200009799	0.408288489583879	0.0111252472853229	0.243190733545892
X171_D0	0.166955807842483	0.0851268928577894	0.0848908002028121	0.411786591871801	0.013130798160645	0.23810910906447
X172_D0	0.176167524115727	0.0788872203465573	0.0914872375840165	0.405608259027169	0.010071145911969	0.237778613014562
X173_D0	0.170931480682283	0.0835332316866112	0.0966094877820513	0.402592697343915	0.0161128472132965	0.230220255291843
X174_D0	0.175055548198327	0.0820600977907859	0.0987882670649093	0.405383853310433	0.00622661323377	0.232485620401775
X175_D0	0.17246417225469	0.0803167696775201	0.0935921565993587	0.398123802709386	0.0127804366737023	0.242722662085343
X179_D0	0.173098560064152	0.0822072307901094	0.0826884450903249	0.405219788793445	0.0148163990591972	0.241969576202772
X181_D0	0.168193939261363	0.0795363348850809	0.0951318552061007	0.404011443222602	0.0166938820331664	0.236432545391686
X182_D0	0.175300311455089	0.0772916829116135	0.0921369711627326	0.40381647516809	0.0105321649869312	0.240922394315544
X183_D0	0.173100671103907	0.0773142012262278	0.0863598265455752	0.41004307896939	0.0113783182734282	0.241803903881472
X184_D0	0.175366729975797	0.0830936738114589	0.0868446131103563	0.401939864372386	0.0128850660840993	0.239870052645903
X186_D0	0.176667447958751	0.0768893678207516	0.0761099151986825	0.400834553186611	0.0168699537572023	0.252628762078001
X187_D0	0.176676813322756	0.0731477272267857	0.0818940176936231	0.402504792616459	0.0205580105518096	0.245218638588567
X189_D0	0.180891023785985	0.0803752466142159	0.0917109946655607	0.403945853870561	0.0059152350410831	0.237161646022594
X190_D0	0.179051587344268	0.0733867952491935	0.0866716069448052	0.407056228445777	0.0121106880906122	0.241723093925344
X191_D0	0.172557076817464	0.0824940999341097	0.0899068768651092	0.40561442564352	0.0140187678989421	0.235408752840856
X194_D0	0.173620466304615	0.0791329153781579	0.0891552341775212	0.410241857552732	0.0075129092646283	0.240336617322346
X195_D0	0.169536717867686	0.0829393712068906	0.0922904537087128	0.411510637041351	0.0111865951950623	0.232536224980298
X196_D0	0.179108259631901	0.075245856366548	0.0922713409852026	0.397807396566343	0.0108134842717594	0.244753662178247
X197_D0	0.177443619701047	0.0769396867678523	0.0872826390417938	0.409571219981964	0.0172240167557077	0.231538817751635
X199_D0	0.172180222423347	0.0789233608899405	0.0924070519073676	0.411102392469331	0.0114063078182263	0.233980664491787
X200_D0	0.174699099575613	0.0734918418886508	0.0969387373486688	0.40437727591605	0.0098178133443467	0.24067523192667
X201_D0	0.178956883643685	0.0700589204591925	0.0875768302006413	0.406463636782364	0.0195535713258009	0.237390157588317
X202_D0	0.174370607441069	0.0813821281521371	0.0869835983127521	0.404631198356507	0.0150233910924558	0.237609076645079
X203_D0	0.175700518058925	0.0701434912657057	0.0833047041453515	0.40893362409042	0.0167566192200964	0.245161043219502
X204_D0	0.176841696177147	0.0753909467215527	0.0892674423757727	0.399313816295908	0.0161900149551828	0.242996083474436
X205_D0	0.175919864947592	0.0818754666973019	0.0875867226896331	0.407377097661035	0.0087847118526592	0.238456136151779
X206_D0	0.176706084218338	0.0770091605498028	0.0949459094781431	0.406469171748066	0.0121293346920976	0.232740339313552
X208_D0	0.173299950746415	0.0755756771848007	0.087337198968897	0.409913336595376	0.0074360505565253	0.246437785947985
X209_D0	0.175353672866074	0.0800222271251899	0.0737884615522724	0.405198696197252	0.0226648133843118	0.2429721288749
X210_D0	0.173271401238499	0.0817287735738987	0.0935497053030095	0.404703863698479	0.01121405296593	0.235532203220184
X213_D0	0.172658882685054	0.0801933735486158	0.0855798348451402	0.412560127176432	0.0194762834776434	0.229531498267114
X214_D0	0.165814602368504	0.0855178973457748	0.0811619037018151	0.403164391549571	0.0168434483505069	0.247497756683828
X215_D0	0.170742841013817	0.0834220110485094	0.0941434268509823	0.404913813632154	0.0088142396410203	0.237963667813517
X217_D0	0.170311663098595	0.0768597299462117	0.0872564549689433	0.407437339980452	0.0143581700033737	0.243776642002423
X218_D0	0.174246514335756	0.0742812546421351	0.0895836552557656	0.405365148338963	0.0119348887056664	0.244588538721714
X219_D0	0.180388444455132	0.0771596885417919	0.0866986443183078	0.397447493601737	0.0137388482951184	0.244566880787913
X222_D0	0.171448633923586	0.0779933812099702	0.09079719962401	0.405520488928453	0.0096432917000061	0.244597004613975
X223_D0	0.172368224698347	0.0740446347435828	0.076466363862245	0.409921451131243	0.0205882750504557	0.246611050514127
X225_D0	0.174803986316947	0.076043278351592	0.0865727087846309	0.412258116549008	0.0136210628368211	0.236700847161001
X226_D0	0.177224372337263	0.079501398122549	0.0953506567396349	0.402174429721524	0.0051982213195829	0.240550921759446
X228_D0	0.174091292851407	0.0728185343185712	0.0917361470609602	0.397512907939209	0.0119194407046784	0.251921677125175
X230_D0	0.181014281921129	0.0770388846152767	0.0923130115224936	0.406139957799345	0.0066750927473561	0.2368187713944
X231_D0	0.17211566617841	0.0769809026885034	0.0799462011250235	0.413848329550105	0.0106438069767471	0.24646509348121
X232_D0	0.177072908687911	0.085347170723835	0.0836062489985462	0.411204136868618	0.0114137627792359	0.231355771941854
X233_D0	0.173069814734877	0.0631897841582062	0.0887810106532308	0.409339535996493	0.0130442705690101	0.252575583888183
X234_D0	0.172011767714263	0.0731239682242258	0.0877467411965904	0.406972144430447	0.0110709871567948	0.249074391277679
X236_D0	0.170868772527218	0.0706562905300793	0.0970127039899498	0.423930661344692	0.0067355451831856	0.230796026424875
X237_D0	0.175394012359794	0.0763597133613078	0.0921018613128263	0.415121341799339	0.0123461580772826	0.22867691308945
X238_D0	0.179709621669921	0.0777806592257937	0.0928575652252254	0.393518148035821	0.0158310119293853	0.240302993913854
X239_D0	0.179303238116575	0.079224483516982	0.0878110631651672	0.404320985593175	0.0111572119985311	0.23818301760957
X240_D0	0.172153697034573	0.0835896156397814	0.0916403714120412	0.402918243675433	0.0117042766397238	0.237993795598448
