	Bcells	Monocytes	CD4Tcells	Unknown	CD8Tcells	NK
X2_D0	0.15880321322359	0.0260768890806876	0.279214503152865	0.324069164494054	0.0890003764101648	0.122835853638639
X4_D0	0.158588949575599	0.0257736450549103	0.277793807700543	0.316775058286864	0.0903190960589492	0.130749443323135
X5_D0	0.1553262439332	0.0301602013286312	0.281605388599865	0.32430873277757	0.0842831428203705	0.124316290540363
X6_D0	0.156009723758357	0.0276569565212043	0.280959814144222	0.326430599674475	0.0846841882545148	0.124258717647227
X8_D0	0.161093638837936	0.0250057358828729	0.286049415690913	0.320742899629907	0.0832655201338931	0.123842789824477
X10_D0	0.160440789496186	0.0261010265396507	0.28866761423383	0.321968471603496	0.0806478417986702	0.122174256328168
X11_D0	0.159046003332244	0.0255875556690379	0.28736412950155	0.324352642936392	0.0826294286452143	0.121020239915562
X12_D0	0.157819995248237	0.0278230756959896	0.283531166573452	0.323502527906871	0.083699444437127	0.123623790138324
X13_D0	0.157418514087444	0.0279001345100394	0.285827306288989	0.333676013930866	0.0760904048503403	0.119087626332321
X14_D0	0.154418705999129	0.0268279243291434	0.284176645729592	0.326085774608144	0.0843459658339644	0.124144983500028
X15_D0	0.160923697815147	0.0266406934088399	0.282509172101032	0.321010658399777	0.0850894761056334	0.12382630216957
X19_D0	0.156634622924078	0.0283148367678543	0.271829000156045	0.328836754502739	0.0841805290358557	0.130204256613428
X20_D0	0.15736513151085	0.0267454819884911	0.282651084057413	0.321240457808499	0.0860801203007869	0.125917724333961
X23_D0	0.158525175847419	0.0259437230834156	0.282433422527119	0.324575912768104	0.0880886528288201	0.120433112945122
X24_D0	0.161176712936235	0.0271791524326192	0.294567980352855	0.325376223427553	0.0765555633482295	0.115144367502508
X27_D0	0.157099016924707	0.0294785525215353	0.280645099204206	0.323484732799413	0.0846132380976014	0.124679360452537
X29_D0	0.156841686463446	0.0286963167013483	0.27964748934053	0.326370407948799	0.0844256612762427	0.124018438269633
X31_D0	0.155272310808456	0.0253812833925569	0.289151121493536	0.318656705572286	0.0856073211783674	0.125931257554797
X32_D0	0.159749099183601	0.024891928047038	0.283892712853596	0.325831378218717	0.0836211788945359	0.122013702802512
X33_D0	0.156976033197518	0.0266312487163754	0.279149424905847	0.323870488251203	0.0876916885898066	0.12568111633925
X35_D0	0.159275430129421	0.0258212885896909	0.27802087163953	0.319287535825368	0.0906601361851011	0.126934737630889
X36_D0	0.157584449866895	0.0295899026822478	0.280158117426287	0.325788781059668	0.0839901640509998	0.122888584913902
X38_D0	0.159489885001218	0.026661547746478	0.282033970111457	0.321135186186318	0.0869700940070349	0.123709316947494
X39_D0	0.154365928098716	0.027621525359497	0.280724541999824	0.329722476655983	0.083280642446827	0.124284885439152
X40_D0	0.156543590420586	0.0252476821956846	0.285540498291282	0.324207467810364	0.086122413179323	0.122338348102761
X42_D0	0.156787347892007	0.0272730724725965	0.280254630205254	0.321566990294968	0.087531523779187	0.126586435355988
X44_D0	0.156785814500973	0.0290772089992134	0.276116891088362	0.330585136149566	0.0821758755466718	0.125259073715214
X45_D0	0.156329283237538	0.0285113350375176	0.276955209590276	0.328760924571974	0.085506609679649	0.123936637883045
X46_D0	0.156000042777101	0.0261653912984832	0.277655374418007	0.328232571654799	0.0863823746257397	0.12556424522587
X48_D0	0.159175521621741	0.0267285992677849	0.27736530431343	0.324620606430448	0.0847527759321532	0.127357192434442
X49_D0	0.157253542921363	0.0277877920234666	0.277173511281092	0.321349233499981	0.0882242597929762	0.12821166048112
X50_D0	0.15702589639167	0.0279241101137331	0.294085104731885	0.322556593585267	0.0775178713831072	0.120890423794338
X51_D0	0.159141543617838	0.0267891974948454	0.292600202395187	0.319384177171726	0.0822705706839353	0.119814308636469
X52_D0	0.158906607816538	0.0265454550369717	0.289329097144925	0.321812088813662	0.0841110778681069	0.119295673319796
X53_D0	0.159749079551267	0.0261496072795924	0.292333824664548	0.320908714664022	0.0821496103237646	0.118709163516806
X54_D0	0.15973850876994	0.0260955983585101	0.292130951667789	0.319622600713257	0.0849552868951433	0.117457053595361
X55_D0	0.159796783015396	0.0267737792117713	0.286938676180648	0.324275095643117	0.0817854860779351	0.120430179871133
X56_D0	0.154014133677792	0.0277623349897536	0.285831817991442	0.325063120189028	0.0811722090123143	0.12615638413967
X57_D0	0.158183152265758	0.025791175033045	0.286192095288867	0.323656881392296	0.082962243078143	0.12321445294189
X58_D0	0.154043822026922	0.0278705919647257	0.28447320537601	0.332163947929437	0.0818008679802233	0.119647564722683
X59_D0	0.155173922412396	0.0267311550496254	0.284152012098535	0.32233744027728	0.0841713813361181	0.127434088826046
X60_D0	0.155666289189635	0.0256442059133479	0.289541361862495	0.318677100994957	0.0871570744085826	0.123313967630983
X62_D0	0.15814354347306	0.026568921481823	0.288057372954882	0.319134703573731	0.0835687518235623	0.124526706692942
X63_D0	0.158251183905424	0.0286542398276175	0.28152738659376	0.324737849467656	0.0811840894972039	0.125645250708339
X64_D0	0.157912397648807	0.027336043805538	0.283075416306864	0.325206338548751	0.0830611372191824	0.123408666470857
X67_D0	0.155070731705091	0.0279160880347068	0.283150707718811	0.324585183662914	0.0838270422088174	0.12545024666966
X68_D0	0.157420790477925	0.027625364192854	0.283009883383847	0.333114445385137	0.078715993046981	0.120113523513256
X69_D0	0.159009889138639	0.0239961583712745	0.295439367089316	0.320761891043752	0.0797371227082358	0.121055571648783
X70_D0	0.157118032311325	0.0283923670893673	0.284803057639173	0.332480976797679	0.077730087714596	0.11947547844786
X71_D0	0.156187579713067	0.0286397182383444	0.286968210937855	0.32289342571623	0.080799140697317	0.124511924697186
X73_D0	0.157923542197587	0.026165218939909	0.289862764536101	0.326223512546736	0.0805669922589234	0.119257969520744
X74_D0	0.159136733957678	0.027971839880149	0.292174896103324	0.323460039546537	0.077032784809571	0.120223705702742
X75_D0	0.160268220862072	0.0268062520930494	0.286877824835942	0.326477689007527	0.0819977358792835	0.117572277322126
X76_D0	0.15779220628613	0.0252581152394651	0.29075836272904	0.318550720332956	0.0829568235011837	0.124683771911225
X77_D0	0.157283826326221	0.0277871289227301	0.284916667107613	0.327176717501402	0.0816782823560175	0.121157377786017
X78_D0	0.159019931104859	0.0285272531885843	0.278201737390591	0.333233499426499	0.082387319390902	0.118630259498565
X79_D0	0.157709729950972	0.0277355500003882	0.285968763834218	0.329304470833491	0.0782677012536783	0.121013784127253
X80_D0	0.157648541190161	0.0264843160926674	0.292013236966286	0.32124672018944	0.0808165566917862	0.121790628869659
X81_D0	0.15779879929672	0.0257351239912813	0.295360779324362	0.322983863403164	0.081107974603466	0.117013459381007
X83_D0	0.158018272057813	0.0249858088945048	0.291433367260188	0.324788674682598	0.0830590063222852	0.117714870782609
X84_D0	0.161637678558785	0.0270306877371224	0.27888037243726	0.326498244798425	0.0867846072177666	0.119168409250641
X85_D0	0.158491795019475	0.0273553515542889	0.284009805194053	0.324463294594456	0.0838566897785093	0.121823063859218
X86_D0	0.159328105136083	0.0254664040812162	0.290480246113125	0.320806537581838	0.0813045404660507	0.122614166621687
X87_D0	0.156746309752723	0.0265805793735565	0.279761765331498	0.328401578533739	0.0835787057904662	0.124931061218017
X90_D0	0.154296280079286	0.0296017504160956	0.279678210414356	0.329138018023928	0.0826317157439748	0.124654025322358
X91_D0	0.158317939471685	0.027812027444695	0.281807087264629	0.328289163428915	0.0816846147058406	0.122089167684235
X92_D0	0.156561824443715	0.0285916959894823	0.276682647359172	0.329808981297141	0.0845966523100341	0.123758198600455
X93_D0	0.157019982194276	0.0265710601449484	0.283705120333002	0.329416269645093	0.0816853553274034	0.121602212355277
X94_D0	0.160046388195697	0.0295193283445449	0.282646757818684	0.328090707866038	0.0774970178120574	0.122199799962979
X95_D0	0.153756133380101	0.0213383202824769	0.280658082267318	0.317478258207197	0.097024596096447	0.12974460976646
X96_D0	0.154316976350012	0.0275418626165492	0.282942166047037	0.323256262909106	0.0830166212085437	0.128926110868752
X99_D0	0.157272709591194	0.0276776557408443	0.279407990244329	0.32481581525034	0.0859511773703	0.124874651802993
X100_D0	0.158067337743935	0.0258587085703974	0.280327569877777	0.323227621324813	0.0857085416674694	0.126810220815608
X102_D0	0.15174816087288	0.0276762376635375	0.28132506882742	0.327832689828865	0.0852930487383149	0.126124794068982
X104_D0	0.157069663842685	0.0287824630972115	0.276840505922427	0.328068321684185	0.0840338109310727	0.125205234522419
X105_D0	0.156690584061068	0.0289263291577869	0.280252372600592	0.328439300096138	0.0820029569268924	0.123688457157524
X107_D0	0.158531048838547	0.0273654264124408	0.277517104942442	0.328995045188589	0.0850861990855059	0.122505175532475
X108_D0	0.159274942905493	0.0241107484042445	0.287196523846372	0.323937249393798	0.0838246005521826	0.121655934897911
X116_D0	0.154132046818096	0.0284124845856771	0.279730947482646	0.329389822888138	0.0845005994739335	0.123834098751509
X118_D0	0.15759780736524	0.0265899579929071	0.282962466662733	0.323371488096689	0.0862154824854568	0.123262797396974
X119_D0	0.156232259247781	0.0259421383549815	0.283485374795396	0.328102728556097	0.0826193109617877	0.123618188083958
X122_D0	0.156091218262439	0.0276513187169113	0.276965377027476	0.328630970144585	0.0836553378605863	0.127005777988004
X123_D0	0.160049206437801	0.0294574698294048	0.276939218222282	0.327818712683722	0.0835183406256605	0.122217052201129
X124_D0	0.15812984957516	0.0248558417672524	0.284382208156446	0.32143333114904	0.0860882060425685	0.125110563309533
X125_D0	0.157169003577198	0.0289952094574911	0.278816303648955	0.32847263533641	0.0866549132101345	0.119891934769811
X126_D0	0.155272921302147	0.0278583679061248	0.279431832548312	0.325009472586621	0.0869710514866393	0.125456354170155
X128_D0	0.158482076935717	0.0306331352152895	0.279222470219393	0.330589787725437	0.0813473898780738	0.119725140026089
X129_D0	0.157086631055609	0.0282984844169108	0.284146628212454	0.325440095924876	0.0822401275517588	0.122788032838391
X132_D0	0.15564896067321	0.0280119179931392	0.284816865588161	0.322363464990936	0.0846449005044953	0.124513890250058
X135_D0	0.15670681323453	0.0256743265425036	0.286032142850049	0.324961113183419	0.0840913039633803	0.122534300226118
X136_D0	0.159416061285683	0.0252552291093391	0.279292936510791	0.325663297878961	0.0881778181399455	0.122194657075281
X137_D0	0.157149152142079	0.0289217497298174	0.28187515765779	0.325153461925249	0.0864223606170223	0.120478117928043
X138_D0	0.155640863175918	0.0300147572983183	0.282959209675446	0.327936510440579	0.0840857556286165	0.119362903781122
X139_D0	0.157502844461628	0.0252076002559836	0.285450234140833	0.324659816849329	0.0865034776309947	0.120676026661232
X142_D0	0.157221239059411	0.0265472924860787	0.281350182109048	0.326006562416083	0.0868971993124725	0.121977524616906
X143_D0	0.158419642460826	0.0276435960418246	0.285207118541158	0.322089658757221	0.0831439401616259	0.123496044037345
X144_D0	0.161152287672136	0.0274694327439811	0.282195367074562	0.324251440359661	0.0833280786406964	0.121603393508964
X145_D0	0.158852014997191	0.030725788368854	0.2740697291948	0.327379699566848	0.0858184501348699	0.123154317737437
X146_D0	0.157468196695934	0.0255723259714594	0.278886660979958	0.326178211242349	0.0875708922595501	0.124323712850749
X147_D0	0.157850840465659	0.0276733562731002	0.282987877116958	0.331010115343832	0.0807890301166427	0.119688780683808
X149_D0	0.158301132783225	0.0254421988451096	0.278866700499236	0.324020446844285	0.0873512139574234	0.126018307070721
X150_D0	0.159172790148789	0.0271227159818268	0.282946820872324	0.323229286124039	0.0832475980228097	0.124280788850211
X152_D0	0.159129109166814	0.0271636191251581	0.282476488323982	0.322371391393788	0.082510422901573	0.126348969088685
X153_D0	0.154262691892536	0.0306324445838962	0.282606502550728	0.327419179389598	0.08413803969941	0.120941141883832
X154_D0	0.157734502401233	0.0281979622916256	0.279270806547759	0.32664433208131	0.0862994559433369	0.121852940734735
X155_D0	0.157949888881483	0.028931696193478	0.274962212921547	0.327508742405125	0.0848071950491843	0.125840264549183
X160_D0	0.158503202459575	0.027401399439306	0.280019960253578	0.322174154849737	0.0856676250114211	0.126233657986383
X161_D0	0.154381994091842	0.0303495749162815	0.286146032633808	0.323959373662811	0.0824270224080714	0.122736002287186
X165_D0	0.156362482264071	0.0293194568516068	0.27798760859301	0.325944028892766	0.0838881850041135	0.126498238394433
X167_D0	0.155331179249758	0.0272602007344253	0.290157673039784	0.324642078659789	0.0827298682961615	0.119879000020082
X168_D0	0.156916619956737	0.0289592512938082	0.281731613800146	0.326321651409048	0.0849462148375236	0.121124648702737
X169_D0	0.158090977557866	0.0272459793477335	0.279781869169923	0.330070033863031	0.0836825434280573	0.121128596633389
X170_D0	0.15872948892739	0.0258545825323822	0.279711318239444	0.32018809000467	0.0917632920101799	0.123753228285934
X171_D0	0.153597365397616	0.0308984368963802	0.278920937736676	0.327124870331852	0.0834335713268838	0.126024818310593
X172_D0	0.15644460069457	0.0277128449824495	0.281448141960891	0.32322458992243	0.0889088117659667	0.122261010673692
X173_D0	0.154500962912741	0.0275083699789744	0.290498017635219	0.32423943749556	0.0802434109671623	0.123009801010344
X174_D0	0.155573862795583	0.025342932485098	0.284448383407341	0.329261948197352	0.0855792003728078	0.119793672741818
X175_D0	0.155270583815812	0.0267622796443134	0.286956297526353	0.319291702079312	0.0856570925556693	0.12606204437854
X179_D0	0.156596629705837	0.0284404088639558	0.278217178469031	0.325804894009006	0.085307702792676	0.125633186159495
X181_D0	0.154131061629447	0.0283575468572016	0.28689678874133	0.318886769928068	0.0878831566136438	0.123844676230309
X182_D0	0.157595145020648	0.0264628213352895	0.28275498486192	0.323927836332447	0.08352646534417	0.125732747105527
X183_D0	0.155909189557508	0.0268364934103033	0.279233814139989	0.3264470759188	0.0862345880205848	0.125338838952816
X184_D0	0.156660595062078	0.026815138908236	0.280088654105632	0.325200613377496	0.0860914408718011	0.125143557674757
X186_D0	0.15956887032101	0.0277969232361242	0.277218906335107	0.318673478896148	0.0881911561277508	0.12855066508386
X187_D0	0.157538406907699	0.0247022496209656	0.283953964737914	0.320879377882823	0.0867205132900316	0.126205487560567
X189_D0	0.159763012665151	0.0276645868280826	0.28311621922515	0.324765240515375	0.0812412019900344	0.123449738776208
X190_D0	0.157685708096687	0.0257378249167744	0.2834661465426	0.322869278872773	0.0850076707348611	0.125233370836305
X191_D0	0.155613642570065	0.0278426380723118	0.28633344374388	0.324746903099219	0.083357467052184	0.122105905462341
X194_D0	0.15593282098314	0.0268863863127123	0.281589999024743	0.325976813815002	0.0859853153897146	0.123628664474689
X195_D0	0.153998999702694	0.0277093255418032	0.285930643661752	0.330069835307027	0.0805086202883211	0.121782575498403
X196_D0	0.158172215921975	0.0251216446128504	0.283957063980828	0.319100365077187	0.0889788489184523	0.124669861488707
X197_D0	0.157876592220567	0.0258455028462469	0.282281780123122	0.326118152205339	0.0867793653058596	0.121098607298866
X199_D0	0.155152047789253	0.0278334217419093	0.285427045659006	0.326634934994743	0.0838550938582459	0.121097455956844
X200_D0	0.156395023378141	0.0261468027037128	0.286355880941091	0.323756054691641	0.081946693891825	0.125399544393589
X201_D0	0.159940321299219	0.0243885038258488	0.285785229814469	0.322160430000879	0.0844005176314917	0.123324997428093
X202_D0	0.156304793905537	0.0273985358894289	0.28068741440834	0.326750057678632	0.083256581599404	0.125602616518658
X203_D0	0.157335503955457	0.0243599232681976	0.282000466878395	0.32093391051883	0.090060378989824	0.125309816389297
X204_D0	0.157239345566993	0.0265015439326604	0.281175095346819	0.320175691520583	0.0894049622449949	0.12550336138795
X205_D0	0.157703530554453	0.0271913685169895	0.282754887262501	0.3271489653519	0.0810331330806622	0.124168115233494
X206_D0	0.157926160670701	0.0266135146529078	0.288070210036164	0.3237263252641	0.0818933719029262	0.121770417473201
X208_D0	0.157061645140198	0.0258629162616639	0.283326929633653	0.324953312685575	0.0826627834362771	0.126132412842632
X209_D0	0.155930756739105	0.026911855166716	0.276071727929505	0.324696842297805	0.0913742017608758	0.125014616105992
X210_D0	0.155533387971896	0.0276723013099631	0.283566425357017	0.325933664269048	0.0859456252005566	0.121348595891519
X213_D0	0.156221419164696	0.026731942571126	0.283386837711604	0.33130552668966	0.081277999574253	0.121076274288662
X214_D0	0.154350009523309	0.0289438019195975	0.278874565572756	0.323838910156712	0.0861739766553701	0.127818736172255
X215_D0	0.155711653966243	0.0282645312943789	0.284924695276039	0.324099430139312	0.0856283570358229	0.121371332288205
X217_D0	0.156053232404648	0.0279374448608528	0.282567637699137	0.321037011459165	0.0834196723595464	0.128985001216651
X218_D0	0.157719437444619	0.0240882452359887	0.279473077484568	0.323208775166817	0.0918940125145746	0.123616452153432
X219_D0	0.159153400982058	0.026646463391796	0.280751072884276	0.319134102704756	0.0882800568779068	0.126034903159206
X222_D0	0.155015087193269	0.025980548266351	0.284069123108014	0.325304488540109	0.0838248128589588	0.125805940033298
X223_D0	0.156819626818902	0.0266789721339202	0.275810051759797	0.319295197737984	0.0948918130415128	0.126504338507884
X225_D0	0.15751423938239	0.0276695187065667	0.283275759027974	0.324895726230185	0.0829808276150965	0.123663929037788
X226_D0	0.158923668686333	0.02595147907894	0.284105491564413	0.323014810487857	0.08541468889922	0.122589861283236
X228_D0	0.157749182512433	0.0244253989317499	0.280779726862816	0.31790445630056	0.0911901760111184	0.127951059381322
X230_D0	0.158265366874071	0.0263721569828122	0.28450920393847	0.326582249037638	0.0823410801227066	0.121929943044302
X231_D0	0.155210623979104	0.0279095173211272	0.276353578678169	0.32865878297963	0.0839443496564096	0.12792314738556
X232_D0	0.157881815598495	0.0305696600534585	0.279414905000864	0.327712394892752	0.0815877106217317	0.122833513832698
X233_D0	0.158310044528459	0.0241425311802016	0.280981057692613	0.314346657124965	0.0942275071743278	0.127992202299433
X234_D0	0.157618188692292	0.0253673221677226	0.278730476382192	0.322364151743165	0.0884182336437219	0.127501627370907
X236_D0	0.156573664618981	0.0252208309710157	0.287479594711475	0.331339844633272	0.0780043181998728	0.121381746865384
X237_D0	0.157357263950562	0.0275379060561047	0.287981201510225	0.327112548266731	0.082413247158647	0.117597833057731
X238_D0	0.159389694118856	0.0257565871765797	0.286158766533153	0.317414110478455	0.0871741523934963	0.12410668929946
X239_D0	0.158827223484309	0.0284723147015767	0.282933710829345	0.322780636559474	0.0827421126005603	0.124244001824735
X240_D0	0.157658004215214	0.0289829817262872	0.280325346341419	0.325046012576889	0.0841457211486647	0.123841933991526
